50,50019,'100-6564fed809236',181
50,50019,'101-6564fed809237',182
50,50019,'102-6564fed809238',183
50,50019,'103-6564fed80923a',184
50,50019,'105-6564fed80923b',185
50,50019,'106-6564fed80923c',186
50,50019,'107-6564fed80923d',187
50,50019,'115-6564fed80923f',188
50,50019,'13-6564fed809217',189
50,50019,'148-6564fed809227',190
50,50019,'159-6564fed809229',191
50,50019,'170-6564fed80922a',192
50,50019,'2-6564fed809212',193
50,50019,'24-6564fed809219',194
50,50019,'35-6564fed80921a',195
50,50019,'46-6564fed80921b',196
50,50019,'57-6564fed80921d',197
50,50019,'68-6564fed80921e',198
50,50019,'71-6564fed80922b',199
50,50019,'72-6564fed809220',200
50,50019,'75-6564fed809221',201
50,50019,'79-6564fed809222',202
50,50019,'86-6564fed80922d',203
50,50019,'89-6564fed809223',204
50,50019,'90-6564fed809225',205
50,50019,'92-6564fed809226',206
50,50019,'94-6564fed80922e',207
50,50019,'95-6564fed80922f',208
50,50019,'96-6564fed809231',209
50,50019,'97-6564fed809232',210
50,50019,'98-6564fed809233',211
50,50019,'99-6564fed809234',212
51,51019,'108-6564fed809269',213
51,51019,'109-6564fed80926a',214
51,51019,'110-6564fed80926b',215
51,51019,'111-6564fed80926d',216
51,51019,'112-6564fed80926e',217
51,51019,'113-6564fed80926f',218
51,51019,'114-6564fed809271',219
51,51019,'116-6564fed809272',220
51,51019,'117-6564fed809273',221
51,51019,'118-6564fed809274',222
51,51019,'119-6564fed809276',223
51,51019,'120-6564fed809283',224
51,51019,'121-6564fed809285',225
51,51019,'122-6564fed809286',226
51,51019,'126-6564fed809287',227
51,51019,'76-6564fed809268',228
52,52019,'123-6564fed80928c',229
52,52019,'124-6564fed80928e',230
52,52019,'125-6564fed80928f',231
52,52019,'127-6564fed809290',232
52,52019,'128-6564fed809291',233
52,52019,'129-6564fed809293',234
52,52019,'130-6564fed809294',235
52,52019,'131-6564fed809295',236
52,52019,'132-6564fed809296',237
52,52019,'133-6564fed809297',238
52,52019,'134-6564fed809299',239
52,52019,'135-6564fed80929a',240
52,52019,'136-6564fed80929b',241
52,52019,'82-6564fed809288',242
52,52019,'84-6564fed80928a',243
52,52019,'87-6564fed80928b',244
53,53019,'138-6564fed80929f',245
53,53019,'139-6564fed8092a0',246
53,53019,'140-6564fed8092a1',247
53,53019,'141-6564fed8092a3',248
53,53019,'142-6564fed8092a4',249
53,53019,'143-6564fed8092a5',250
53,53019,'144-6564fed8092a7',251
53,53019,'145-6564fed8092a8',252
53,53019,'146-6564fed8092a9',253
53,53019,'147-6564fed8092aa',254
53,53019,'149-6564fed8092b7',255
53,53019,'150-6564fed8092b8',256
53,53019,'151-6564fed8092ba',257
53,53019,'152-6564fed8092bb',258
53,53019,'69-6564fed80929c',259
53,53019,'91-6564fed80929e',260
54,54019,'153-6564fed8092c0',261
54,54019,'154-6564fed8092c1',262
54,54019,'155-6564fed8092c2',263
54,54019,'156-6564fed8092c4',264
54,54019,'157-6564fed8092c5',265
54,54019,'158-6564fed8092c7',266
54,54019,'160-6564fed8092c8',267
54,54019,'161-6564fed8092c9',268
54,54019,'162-6564fed8092ca',269
54,54019,'163-6564fed8092cc',270
54,54019,'164-6564fed8092cd',271
54,54019,'165-6564fed8092ce',272
54,54019,'166-6564fed8092cf',273
54,54019,'70-6564fed8092bc',274
54,54019,'77-6564fed8092bd',275
54,54019,'88-6564fed8092bf',276
55,55019,'137-6564fed8092d3',277
55,55019,'167-6564fed8092da',278
55,55019,'168-6564fed8092df',279
55,55019,'169-6564fed809316',280
55,55019,'171-6564fed80931a',281
55,55019,'172-6564fed8092d5',282
55,55019,'173-6564fed8092db',283
55,55019,'174-6564fed8092dc',284
55,55019,'175-6564fed8092dd',285
55,55019,'176-6564fed8092d6',286
55,55019,'177-6564fed8092d7',287
55,55019,'178-6564fed80931c',288
55,55019,'179-6564fed8092d8',289
55,55019,'180-6564fed80931b',290
55,55019,'73-6564fed8092d1',291
55,55019,'81-6564fed8092d2',292
56,56019,'10-6564fed809327',293
56,56019,'11-6564fed809328',294
56,56019,'12-6564fed809329',295
56,56019,'14-6564fed80932b',296
56,56019,'15-6564fed80932c',297
56,56019,'16-6564fed80932d',298
56,56019,'3-6564fed80931e',299
56,56019,'4-6564fed80931f',300
56,56019,'5-6564fed809320',301
56,56019,'6-6564fed809322',302
56,56019,'7-6564fed809323',303
56,56019,'78-6564fed80932f',304
56,56019,'8-6564fed809324',305
56,56019,'80-6564fed809330',306
56,56019,'9-6564fed809325',307
56,56019,'93-6564fed809331',308
57,57019,'104-6564fed809352',309
57,57019,'17-6564fed809333',310
57,57019,'18-6564fed809334',311
57,57019,'19-6564fed809335',312
57,57019,'20-6564fed809336',313
57,57019,'21-6564fed809338',314
57,57019,'22-6564fed809339',315
57,57019,'23-6564fed80933b',316
57,57019,'25-6564fed80933c',317
57,57019,'26-6564fed80933d',318
57,57019,'27-6564fed80933e',319
57,57019,'28-6564fed809340',320
57,57019,'29-6564fed809341',321
57,57019,'30-6564fed80934e',322
57,57019,'67-6564fed80934f',323
57,57019,'74-6564fed809350',324
60,60019,'1-6564fed809353',325
60,60019,'31-6564fed809354',326
60,60019,'32-6564fed809355',327
60,60019,'33-6564fed809357',328
60,60019,'34-6564fed809358',329
60,60019,'36-6564fed809359',330
60,60019,'37-6564fed80935b',331
60,60019,'38-6564fed80935c',332
60,60019,'39-6564fed80935d',333
60,60019,'40-6564fed80935e',334
60,60019,'41-6564fed809360',335
60,60019,'42-6564fed809361',336
60,60019,'43-6564fed809362',337
60,60019,'44-6564fed809363',338
60,60019,'83-6564fed809365',339
60,60019,'85-6564fed809366',340
70,70019,'45-6564fed80924e',341
70,70019,'47-6564fed80924f',342
70,70019,'48-6564fed809251',343
70,70019,'49-6564fed809252',344
70,70019,'50-6564fed809253',345
70,70019,'51-6564fed809255',346
70,70019,'52-6564fed809256',347
70,70019,'53-6564fed809257',348
70,70019,'54-6564fed80925a',349
70,70019,'66-6564fed809258',350
71,71019,'55-6564fed80925b',351
71,71019,'56-6564fed80925c',352
71,71019,'58-6564fed80925e',353
71,71019,'59-6564fed80925f',354
71,71019,'60-6564fed809260',355
71,71019,'61-6564fed809261',356
71,71019,'62-6564fed809263',357
71,71019,'63-6564fed809264',358
71,71019,'64-6564fed809265',359
71,71019,'65-6564fed809266',360
