53019,'138-6564fed80929f',624,,245,27,,,0
53019,'139-6564fed8092a0',1524,,246,27,,,0
53019,'140-6564fed8092a1',1624,,247,27,,,0
53019,'141-6564fed8092a3',1724,,248,27,,,0
53019,'142-6564fed8092a4',1824,,249,27,,,0
53019,'143-6564fed8092a5',1924,,250,27,,,0
53019,'144-6564fed8092a7',724,,251,27,,,0
53019,'145-6564fed8092a8',824,,252,27,,,0
53019,'146-6564fed8092a9',924,,253,27,,,0
53019,'147-6564fed8092aa',1024,,254,27,,,0
53019,'149-6564fed8092b7',1124,,255,27,,,0
53019,'150-6564fed8092b8',1224,,256,27,,,0
53019,'151-6564fed8092ba',1324,,257,27,,,0
53019,'152-6564fed8092bb',1424,,258,27,,,0
53019,'69-6564fed80929c',2024,,259,27,,,0
53019,'91-6564fed80929e',2124,,260,27,,,0
