51019,'108-6564fed809269',617,,213,16,,,0
51019,'109-6564fed80926a',1517,,214,16,,,0
51019,'110-6564fed80926b',1617,,215,16,,,0
51019,'111-6564fed80926d',1717,,216,16,,,0
51019,'112-6564fed80926e',1817,,217,16,,,0
51019,'113-6564fed80926f',1917,,218,16,,,0
51019,'114-6564fed809271',717,,219,16,,,0
51019,'116-6564fed809272',817,,220,16,,,0
51019,'117-6564fed809273',917,,221,16,,,0
51019,'118-6564fed809274',1017,,222,16,,,0
51019,'119-6564fed809276',1117,,223,16,,,0
51019,'120-6564fed809283',1217,,224,16,,,0
51019,'121-6564fed809285',1317,,225,16,,,0
51019,'122-6564fed809286',1417,,226,16,,,0
51019,'126-6564fed809287',2117,,227,16,,,0
51019,'76-6564fed809268',2017,,228,16,,,0
