55019,'137-6564fed8092d3',2153,,277,15,,,0
55019,'167-6564fed8092da',627,,278,39,,,0
55019,'168-6564fed8092df',1551,,279,15,,,0
55019,'169-6564fed809316',1651,,280,15,,,0
55019,'171-6564fed80931a',1751,,281,15,,,0
55019,'172-6564fed8092d5',1853,,282,15,,,0
55019,'173-6564fed8092db',727,,283,39,,,0
55019,'174-6564fed8092dc',827,,284,39,,,0
55019,'175-6564fed8092dd',927,,285,39,,,0
55019,'176-6564fed8092d6',1023,,286,15,,,0
55019,'177-6564fed8092d7',1123,,287,15,,,0
55019,'178-6564fed80931c',1223,,288,15,,,0
55019,'179-6564fed8092d8',1323,,289,15,,,0
55019,'180-6564fed80931b',1421,,290,15,,,0
55019,'73-6564fed8092d1',1953,,291,15,,,0
55019,'81-6564fed8092d2',2053,,292,15,,,0
