52019,'123-6564fed80928c',623,,229,2,,,0
52019,'124-6564fed80928e',1523,,230,2,,,0
52019,'125-6564fed80928f',1623,,231,2,,,0
52019,'127-6564fed809290',1723,,232,2,,,0
52019,'128-6564fed809291',1823,,233,2,,,0
52019,'129-6564fed809293',723,,234,2,,,0
52019,'130-6564fed809294',823,,235,2,,,0
52019,'131-6564fed809295',923,,236,2,,,0
52019,'132-6564fed809296',1023,,237,2,,,0
52019,'133-6564fed809297',1123,,238,2,,,0
52019,'134-6564fed809299',1223,,239,2,,,0
52019,'135-6564fed80929a',1323,,240,2,,,0
52019,'136-6564fed80929b',1423,,241,2,,,0
52019,'82-6564fed809288',2123,,242,2,,,0
52019,'84-6564fed80928a',1923,,243,2,,,0
52019,'87-6564fed80928b',2023,,244,2,,,0
