53019,'138-6564fed80929f',610,,245,16,,,0
53019,'139-6564fed8092a0',1510,,246,16,,,0
53019,'140-6564fed8092a1',1610,,247,16,,,0
53019,'141-6564fed8092a3',1710,,248,16,,,0
53019,'142-6564fed8092a4',1810,,249,16,,,0
53019,'143-6564fed8092a5',1910,,250,16,,,0
53019,'144-6564fed8092a7',710,,251,16,,,0
53019,'145-6564fed8092a8',810,,252,16,,,0
53019,'146-6564fed8092a9',910,,253,16,,,0
53019,'147-6564fed8092aa',1010,,254,16,,,0
53019,'149-6564fed8092b7',1110,,255,16,,,0
53019,'150-6564fed8092b8',1210,,256,16,,,0
53019,'151-6564fed8092ba',1310,,257,16,,,0
53019,'152-6564fed8092bb',1410,,258,16,,,0
53019,'69-6564fed80929c',2010,,259,16,,,0
53019,'91-6564fed80929e',2110,,260,16,,,0
