51019,'108-6564fed809269',612,,213,13,,,0
51019,'109-6564fed80926a',1512,,214,13,,,0
51019,'110-6564fed80926b',1612,,215,13,,,0
51019,'111-6564fed80926d',1712,,216,13,,,0
51019,'112-6564fed80926e',1812,,217,13,,,0
51019,'113-6564fed80926f',1912,,218,13,,,0
51019,'114-6564fed809271',712,,219,13,,,0
51019,'116-6564fed809272',812,,220,13,,,0
51019,'117-6564fed809273',912,,221,13,,,0
51019,'118-6564fed809274',1012,,222,13,,,0
51019,'119-6564fed809276',1112,,223,13,,,0
51019,'120-6564fed809283',1212,,224,13,,,0
51019,'121-6564fed809285',1312,,225,13,,,0
51019,'122-6564fed809286',1412,,226,13,,,0
51019,'126-6564fed809287',2112,,227,13,,,0
51019,'76-6564fed809268',2012,,228,13,,,0
