56019,'10-6564fed809327',916,,293,9,,,0
56019,'11-6564fed809328',1016,,294,9,,,0
56019,'12-6564fed809329',1116,,295,9,,,0
56019,'14-6564fed80932b',1216,,296,9,,,0
56019,'15-6564fed80932c',1316,,297,9,,,0
56019,'16-6564fed80932d',1416,,298,9,,,0
56019,'3-6564fed80931e',616,,299,9,,,0
56019,'4-6564fed80931f',1516,,300,9,,,0
56019,'5-6564fed809320',1616,,301,9,,,0
56019,'6-6564fed809322',1716,,302,9,,,0
56019,'7-6564fed809323',1816,,303,9,,,0
56019,'78-6564fed80932f',1916,,304,9,,,0
56019,'8-6564fed809324',716,,305,9,,,0
56019,'80-6564fed809330',2116,,306,9,,,0
56019,'9-6564fed809325',816,,307,9,,,0
56019,'93-6564fed809331',2016,,308,9,,,0
