57019,'104-6564fed809352',2001,,309,30,,,0
57019,'17-6564fed809333',701,,310,30,,,0
57019,'18-6564fed809334',1601,,311,30,,,0
57019,'19-6564fed809335',1701,,312,30,,,0
57019,'20-6564fed809336',1801,,313,30,,,0
57019,'21-6564fed809338',1901,,314,30,,,0
57019,'22-6564fed809339',801,,315,30,,,0
57019,'23-6564fed80933b',901,,316,30,,,0
57019,'25-6564fed80933c',1001,,317,30,,,0
57019,'26-6564fed80933d',1101,,318,30,,,0
57019,'27-6564fed80933e',1201,,319,30,,,0
57019,'28-6564fed809340',1301,,320,30,,,0
57019,'29-6564fed809341',1401,,321,30,,,0
57019,'30-6564fed80934e',1501,,322,30,,,0
57019,'67-6564fed80934f',2201,,323,30,,,0
57019,'74-6564fed809350',2101,,324,30,,,0
