51019,'108-6564fed809269',615,,213,15,,,0
51019,'109-6564fed80926a',1515,,214,15,,,0
51019,'110-6564fed80926b',1615,,215,15,,,0
51019,'111-6564fed80926d',1715,,216,15,,,0
51019,'112-6564fed80926e',1815,,217,15,,,0
51019,'113-6564fed80926f',1915,,218,15,,,0
51019,'114-6564fed809271',715,,219,15,,,0
51019,'116-6564fed809272',815,,220,15,,,0
51019,'117-6564fed809273',915,,221,15,,,0
51019,'118-6564fed809274',1015,,222,15,,,0
51019,'119-6564fed809276',1115,,223,15,,,0
51019,'120-6564fed809283',1215,,224,15,,,0
51019,'121-6564fed809285',1315,,225,15,,,0
51019,'122-6564fed809286',1415,,226,15,,,0
51019,'126-6564fed809287',2115,,227,15,,,0
51019,'76-6564fed809268',2015,,228,15,,,0
