53019,'138-6564fed80929f',621,,245,24,,,0
53019,'139-6564fed8092a0',1521,,246,24,,,0
53019,'140-6564fed8092a1',1621,,247,24,,,0
53019,'141-6564fed8092a3',1721,,248,24,,,0
53019,'142-6564fed8092a4',1821,,249,24,,,0
53019,'143-6564fed8092a5',1921,,250,24,,,0
53019,'144-6564fed8092a7',721,,251,24,,,0
53019,'145-6564fed8092a8',821,,252,24,,,0
53019,'146-6564fed8092a9',921,,253,24,,,0
53019,'147-6564fed8092aa',1021,,254,24,,,0
53019,'149-6564fed8092b7',1121,,255,24,,,0
53019,'150-6564fed8092b8',1221,,256,24,,,0
53019,'151-6564fed8092ba',1321,,257,24,,,0
53019,'152-6564fed8092bb',1421,,258,24,,,0
53019,'69-6564fed80929c',2021,,259,24,,,0
53019,'91-6564fed80929e',2121,,260,24,,,0
