50019,'100-6564fed809236',845,,181,11,,,0
50019,'101-6564fed809237',945,,182,11,,,0
50019,'102-6564fed809238',1045,,183,11,,,0
50019,'103-6564fed80923a',1145,,184,11,,,0
50019,'105-6564fed80923b',1245,,185,11,,,0
50019,'106-6564fed80923c',1345,,186,11,,,0
50019,'107-6564fed80923d',1445,,187,11,,,0
50019,'115-6564fed80923f',1945,,188,11,,,0
50019,'13-6564fed809217',1816,,189,11,,,0
50019,'148-6564fed809227',616,,190,11,,,0
50019,'159-6564fed809229',1516,,191,11,,,0
50019,'170-6564fed80922a',1616,,192,11,,,0
50019,'2-6564fed809212',1716,,193,11,,,0
50019,'24-6564fed809219',716,,194,11,,,0
50019,'35-6564fed80921a',816,,195,11,,,0
50019,'46-6564fed80921b',916,,196,11,,,0
50019,'57-6564fed80921d',1016,,197,11,,,0
50019,'68-6564fed80921e',1116,,198,11,,,0
50019,'71-6564fed80922b',2045,,199,11,,,0
50019,'72-6564fed809220',2115,,200,11,,,0
50019,'75-6564fed809221',2015,,201,11,,,0
50019,'79-6564fed809222',1216,,202,11,,,0
50019,'86-6564fed80922d',2145,,203,11,,,0
50019,'89-6564fed809223',1915,,204,11,,,0
50019,'90-6564fed809225',1316,,205,11,,,0
50019,'92-6564fed809226',1416,,206,11,,,0
50019,'94-6564fed80922e',645,,207,11,,,0
50019,'95-6564fed80922f',1545,,208,11,,,0
50019,'96-6564fed809231',1645,,209,11,,,0
50019,'97-6564fed809232',1745,,210,11,,,0
50019,'98-6564fed809233',1845,,211,11,,,0
50019,'99-6564fed809234',745,,212,11,,,0
54019,'153-6564fed8092c0',643,,261,16,,,0
54019,'154-6564fed8092c1',1543,,262,16,,,0
54019,'155-6564fed8092c2',1643,,263,16,,,0
54019,'156-6564fed8092c4',1743,,264,16,,,0
54019,'157-6564fed8092c5',1843,,265,16,,,0
54019,'158-6564fed8092c7',743,,266,16,,,0
54019,'160-6564fed8092c8',843,,267,16,,,0
54019,'161-6564fed8092c9',943,,268,16,,,0
54019,'162-6564fed8092ca',1043,,269,16,,,0
54019,'163-6564fed8092cc',1143,,270,16,,,0
54019,'164-6564fed8092cd',1243,,271,16,,,0
54019,'165-6564fed8092ce',1343,,272,16,,,0
54019,'166-6564fed8092cf',1443,,273,16,,,0
54019,'70-6564fed8092bc',2043,,274,16,,,0
54019,'77-6564fed8092bd',1943,,275,16,,,0
54019,'88-6564fed8092bf',2143,,276,16,,,0
57019,'104-6564fed809352',1953,,309,20,,,0
57019,'17-6564fed809333',653,,310,20,,,0
57019,'18-6564fed809334',1553,,311,20,,,0
57019,'19-6564fed809335',1653,,312,20,,,0
57019,'20-6564fed809336',1753,,313,20,,,0
57019,'21-6564fed809338',1853,,314,20,,,0
57019,'22-6564fed809339',753,,315,20,,,0
57019,'23-6564fed80933b',853,,316,20,,,0
57019,'25-6564fed80933c',953,,317,20,,,0
57019,'26-6564fed80933d',1053,,318,20,,,0
57019,'27-6564fed80933e',1153,,319,20,,,0
57019,'28-6564fed809340',1253,,320,20,,,0
57019,'29-6564fed809341',1353,,321,20,,,0
57019,'30-6564fed80934e',1453,,322,20,,,0
57019,'67-6564fed80934f',2153,,323,20,,,0
57019,'74-6564fed809350',2053,,324,20,,,0
70019,'45-6564fed80924e',833,,341,11,,,0
70019,'47-6564fed80924f',933,,342,11,,,0
70019,'48-6564fed809251',1133,,343,11,,,0
70019,'49-6564fed809252',1233,,344,11,,,0
70019,'50-6564fed809253',1433,,345,11,,,0
70019,'51-6564fed809255',1533,,346,11,,,0
70019,'52-6564fed809256',1633,,347,11,,,0
70019,'53-6564fed809257',1733,,348,11,,,0
70019,'66-6564fed809258',1033,,350,11,,,0
