52019,'123-6564fed80928c',640,,229,17,,,0
52019,'124-6564fed80928e',1540,,230,17,,,0
52019,'125-6564fed80928f',1640,,231,17,,,0
52019,'127-6564fed809290',1740,,232,17,,,0
52019,'128-6564fed809291',1840,,233,17,,,0
52019,'129-6564fed809293',740,,234,17,,,0
52019,'130-6564fed809294',840,,235,17,,,0
52019,'131-6564fed809295',940,,236,17,,,0
52019,'132-6564fed809296',1040,,237,17,,,0
52019,'133-6564fed809297',1140,,238,17,,,0
52019,'134-6564fed809299',1240,,239,17,,,0
52019,'135-6564fed80929a',1340,,240,17,,,0
52019,'136-6564fed80929b',1440,,241,17,,,0
52019,'82-6564fed809288',2140,,242,17,,,0
52019,'84-6564fed80928a',1940,,243,17,,,0
52019,'87-6564fed80928b',2040,,244,17,,,0
