52019,'123-6564fed80928c',637,,229,13,,,0
52019,'124-6564fed80928e',1537,,230,13,,,0
52019,'125-6564fed80928f',1637,,231,13,,,0
52019,'127-6564fed809290',1737,,232,13,,,0
52019,'128-6564fed809291',1837,,233,13,,,0
52019,'129-6564fed809293',737,,234,13,,,0
52019,'130-6564fed809294',837,,235,13,,,0
52019,'131-6564fed809295',937,,236,13,,,0
52019,'132-6564fed809296',1037,,237,13,,,0
52019,'133-6564fed809297',1137,,238,13,,,0
52019,'134-6564fed809299',1237,,239,13,,,0
52019,'135-6564fed80929a',1337,,240,13,,,0
52019,'136-6564fed80929b',1437,,241,13,,,0
52019,'82-6564fed809288',2137,,242,13,,,0
52019,'84-6564fed80928a',1937,,243,13,,,0
52019,'87-6564fed80928b',2037,,244,13,,,0
