54019,'153-6564fed8092c0',647,,261,21,,,0
54019,'154-6564fed8092c1',1547,,262,21,,,0
54019,'155-6564fed8092c2',1647,,263,21,,,0
54019,'156-6564fed8092c4',1747,,264,21,,,0
54019,'157-6564fed8092c5',1847,,265,21,,,0
54019,'158-6564fed8092c7',747,,266,21,,,0
54019,'160-6564fed8092c8',847,,267,21,,,0
54019,'161-6564fed8092c9',947,,268,21,,,0
54019,'162-6564fed8092ca',1047,,269,21,,,0
54019,'163-6564fed8092cc',1147,,270,21,,,0
54019,'164-6564fed8092cd',1247,,271,21,,,0
54019,'165-6564fed8092ce',1347,,272,21,,,0
54019,'166-6564fed8092cf',1447,,273,21,,,0
54019,'70-6564fed8092bc',2047,,274,21,,,0
54019,'77-6564fed8092bd',1947,,275,21,,,0
54019,'88-6564fed8092bf',2147,,276,21,,,0
60019,'1-6564fed809353',2016,,325,5,,,0
60019,'31-6564fed809354',646,,326,5,,,0
60019,'32-6564fed809355',1516,,327,5,,,0
60019,'33-6564fed809357',1616,,328,5,,,0
60019,'34-6564fed809358',1716,,329,5,,,0
60019,'36-6564fed809359',1816,,330,5,,,0
60019,'37-6564fed80935b',746,,331,5,,,0
60019,'38-6564fed80935c',846,,332,5,,,0
60019,'39-6564fed80935d',946,,333,5,,,0
60019,'40-6564fed80935e',1046,,334,5,,,0
60019,'41-6564fed809360',1146,,335,5,,,0
60019,'42-6564fed809361',1246,,336,5,,,0
60019,'43-6564fed809362',1346,,337,5,,,0
60019,'44-6564fed809363',1446,,338,5,,,0
60019,'83-6564fed809365',2116,,339,5,,,0
60019,'85-6564fed809366',1916,,340,5,,,0
