57019,'104-6564fed809352',2002,,309,31,,,0
57019,'17-6564fed809333',702,,310,31,,,0
57019,'18-6564fed809334',1602,,311,31,,,0
57019,'19-6564fed809335',1702,,312,31,,,0
57019,'20-6564fed809336',1802,,313,31,,,0
57019,'21-6564fed809338',1902,,314,31,,,0
57019,'22-6564fed809339',802,,315,31,,,0
57019,'23-6564fed80933b',902,,316,31,,,0
57019,'25-6564fed80933c',1002,,317,31,,,0
57019,'26-6564fed80933d',1102,,318,31,,,0
57019,'27-6564fed80933e',1202,,319,31,,,0
57019,'28-6564fed809340',1302,,320,31,,,0
57019,'29-6564fed809341',1402,,321,31,,,0
57019,'30-6564fed80934e',1502,,322,31,,,0
57019,'67-6564fed80934f',2202,,323,31,,,0
57019,'74-6564fed809350',2102,,324,31,,,0
