55019,'137-6564fed8092d3',2155,,277,17,,,0
55019,'167-6564fed8092da',629,,278,41,,,0
55019,'168-6564fed8092df',1552,,279,17,,,0
55019,'169-6564fed809316',1652,,280,17,,,0
55019,'171-6564fed80931a',1752,,281,17,,,0
55019,'172-6564fed8092d5',1855,,282,17,,,0
55019,'173-6564fed8092db',729,,283,41,,,0
55019,'174-6564fed8092dc',829,,284,41,,,0
55019,'175-6564fed8092dd',929,,285,41,,,0
55019,'176-6564fed8092d6',1025,,286,17,,,0
55019,'177-6564fed8092d7',1125,,287,17,,,0
55019,'178-6564fed80931c',1224,,288,17,,,0
55019,'179-6564fed8092d8',1325,,289,17,,,0
55019,'180-6564fed80931b',1422,,290,17,,,0
55019,'73-6564fed8092d1',1955,,291,17,,,0
55019,'81-6564fed8092d2',2055,,292,17,,,0
