54019,'153-6564fed8092c0',647,,261,20,,,0
54019,'154-6564fed8092c1',1547,,262,20,,,0
54019,'155-6564fed8092c2',1647,,263,20,,,0
54019,'156-6564fed8092c4',1747,,264,20,,,0
54019,'157-6564fed8092c5',1847,,265,20,,,0
54019,'158-6564fed8092c7',747,,266,20,,,0
54019,'160-6564fed8092c8',847,,267,20,,,0
54019,'161-6564fed8092c9',947,,268,20,,,0
54019,'162-6564fed8092ca',1047,,269,20,,,0
54019,'163-6564fed8092cc',1147,,270,20,,,0
54019,'164-6564fed8092cd',1247,,271,20,,,0
54019,'165-6564fed8092ce',1347,,272,20,,,0
54019,'166-6564fed8092cf',1447,,273,20,,,0
54019,'70-6564fed8092bc',2047,,274,20,,,0
54019,'77-6564fed8092bd',1947,,275,20,,,0
54019,'88-6564fed8092bf',2147,,276,20,,,0
