55019,'137-6564fed8092d3',2146,,277,4,,,0,54,,277,28,,,0
55019,'167-6564fed8092da',619,,278,28,,,0
55019,'168-6564fed8092df',1600,,279,28,,,0
55019,'169-6564fed809316',1700,,280,28,,,0
55019,'171-6564fed80931a',1800,,281,28,,,0
55019,'172-6564fed8092d5',1846,,282,4,,,0,54,,282,28,,,0
55019,'173-6564fed8092db',719,,283,28,,,0
55019,'174-6564fed8092dc',819,,284,28,,,0
55019,'175-6564fed8092dd',919,,285,28,,,0
55019,'176-6564fed8092d6',1016,,286,4,,,0,14,,286,28,,,0
55019,'177-6564fed8092d7',1116,,287,4,,,0,14,,287,28,,,0
55019,'178-6564fed80931c',1216,,288,4,,,0
55019,'179-6564fed8092d8',1316,,289,4,,,0,14,,289,28,,,0
55019,'180-6564fed80931b',1430,,290,28,,,0
55019,'73-6564fed8092d1',1946,,291,4,,,0,54,,291,28,,,0
55019,'81-6564fed8092d2',2046,,292,4,,,0,54,,292,28,,,0
71019,'55-6564fed80925b',819,,351,9,,,0
71019,'56-6564fed80925c',1819,,352,9,,,0
71019,'58-6564fed80925e',919,,353,9,,,0
71019,'59-6564fed80925f',1019,,354,9,,,0
71019,'60-6564fed809260',1119,,355,9,,,0
71019,'61-6564fed809261',1219,,356,9,,,0
71019,'62-6564fed809263',1319,,357,9,,,0
71019,'63-6564fed809264',1519,,358,9,,,0
71019,'64-6564fed809265',1619,,359,9,,,0
71019,'65-6564fed809266',1719,,360,9,,,0
