53019,'138-6564fed80929f',603,,245,10,,,0
53019,'139-6564fed8092a0',1503,,246,10,,,0
53019,'140-6564fed8092a1',1603,,247,10,,,0
53019,'141-6564fed8092a3',1703,,248,10,,,0
53019,'142-6564fed8092a4',1803,,249,10,,,0
53019,'143-6564fed8092a5',1903,,250,10,,,0
53019,'144-6564fed8092a7',703,,251,10,,,0
53019,'145-6564fed8092a8',803,,252,10,,,0
53019,'146-6564fed8092a9',903,,253,10,,,0
53019,'147-6564fed8092aa',1003,,254,10,,,0
53019,'149-6564fed8092b7',1103,,255,10,,,0
53019,'150-6564fed8092b8',1203,,256,10,,,0
53019,'151-6564fed8092ba',1303,,257,10,,,0
53019,'152-6564fed8092bb',1403,,258,10,,,0
53019,'69-6564fed80929c',2003,,259,10,,,0
53019,'91-6564fed80929e',2103,,260,10,,,0
