52019,'123-6564fed80928c',624,,229,3,,,0
52019,'124-6564fed80928e',1524,,230,3,,,0
52019,'125-6564fed80928f',1624,,231,3,,,0
52019,'127-6564fed809290',1724,,232,3,,,0
52019,'128-6564fed809291',1824,,233,3,,,0
52019,'129-6564fed809293',724,,234,3,,,0
52019,'130-6564fed809294',824,,235,3,,,0
52019,'131-6564fed809295',924,,236,3,,,0
52019,'132-6564fed809296',1024,,237,3,,,0
52019,'133-6564fed809297',1124,,238,3,,,0
52019,'134-6564fed809299',1224,,239,3,,,0
52019,'135-6564fed80929a',1324,,240,3,,,0
52019,'136-6564fed80929b',1424,,241,3,,,0
52019,'82-6564fed809288',2124,,242,3,,,0
52019,'84-6564fed80928a',1924,,243,3,,,0
52019,'87-6564fed80928b',2024,,244,3,,,0
