60019,'1-6564fed809353',2014,,325,2,,,0
60019,'31-6564fed809354',644,,326,2,,,0
60019,'32-6564fed809355',1514,,327,2,,,0
60019,'33-6564fed809357',1614,,328,2,,,0
60019,'34-6564fed809358',1714,,329,2,,,0
60019,'36-6564fed809359',1814,,330,2,,,0
60019,'37-6564fed80935b',744,,331,2,,,0
60019,'38-6564fed80935c',844,,332,2,,,0
60019,'39-6564fed80935d',944,,333,2,,,0
60019,'40-6564fed80935e',1044,,334,2,,,0
60019,'41-6564fed809360',1144,,335,2,,,0
60019,'42-6564fed809361',1244,,336,2,,,0
60019,'43-6564fed809362',1344,,337,2,,,0
60019,'44-6564fed809363',1444,,338,2,,,0
60019,'83-6564fed809365',2114,,339,2,,,0
60019,'85-6564fed809366',1914,,340,2,,,0
