60019,'1-6564fed809353',2015,,325,3,,,0
60019,'31-6564fed809354',645,,326,3,,,0
60019,'32-6564fed809355',1515,,327,3,,,0
60019,'33-6564fed809357',1615,,328,3,,,0
60019,'34-6564fed809358',1715,,329,3,,,0
60019,'36-6564fed809359',1815,,330,3,,,0
60019,'37-6564fed80935b',745,,331,3,,,0
60019,'38-6564fed80935c',845,,332,3,,,0
60019,'39-6564fed80935d',945,,333,3,,,0
60019,'40-6564fed80935e',1045,,334,3,,,0
60019,'41-6564fed809360',1145,,335,3,,,0
60019,'42-6564fed809361',1245,,336,3,,,0
60019,'43-6564fed809362',1345,,337,3,,,0
60019,'44-6564fed809363',1445,,338,3,,,0
60019,'83-6564fed809365',2115,,339,3,,,0
60019,'85-6564fed809366',1915,,340,3,,,0
