57019,'104-6564fed809352',1940,,309,13,,,0
57019,'17-6564fed809333',640,,310,13,,,0
57019,'18-6564fed809334',1540,,311,13,,,0
57019,'19-6564fed809335',1640,,312,13,,,0
57019,'20-6564fed809336',1740,,313,13,,,0
57019,'21-6564fed809338',1840,,314,13,,,0
57019,'22-6564fed809339',740,,315,13,,,0
57019,'23-6564fed80933b',840,,316,13,,,0
57019,'25-6564fed80933c',940,,317,13,,,0
57019,'26-6564fed80933d',1040,,318,13,,,0
57019,'27-6564fed80933e',1140,,319,13,,,0
57019,'28-6564fed809340',1240,,320,13,,,0
57019,'29-6564fed809341',1340,,321,13,,,0
57019,'30-6564fed80934e',1440,,322,13,,,0
57019,'67-6564fed80934f',2140,,323,13,,,0
57019,'74-6564fed809350',2040,,324,13,,,0
