56019,'10-6564fed809327',913,,293,6,,,0
56019,'11-6564fed809328',1013,,294,6,,,0
56019,'12-6564fed809329',1113,,295,6,,,0
56019,'14-6564fed80932b',1213,,296,6,,,0
56019,'15-6564fed80932c',1313,,297,6,,,0
56019,'16-6564fed80932d',1413,,298,6,,,0
56019,'3-6564fed80931e',613,,299,6,,,0
56019,'4-6564fed80931f',1513,,300,6,,,0
56019,'5-6564fed809320',1613,,301,6,,,0
56019,'6-6564fed809322',1713,,302,6,,,0
56019,'7-6564fed809323',1813,,303,6,,,0
56019,'78-6564fed80932f',1913,,304,6,,,0
56019,'8-6564fed809324',713,,305,6,,,0
56019,'80-6564fed809330',2113,,306,6,,,0
56019,'9-6564fed809325',813,,307,6,,,0
56019,'93-6564fed809331',2013,,308,6,,,0
