57019,'104-6564fed809352',1933,,309,5,,,0
57019,'17-6564fed809333',633,,310,5,,,0
57019,'18-6564fed809334',1533,,311,5,,,0
57019,'19-6564fed809335',1633,,312,5,,,0
57019,'20-6564fed809336',1733,,313,5,,,0
57019,'21-6564fed809338',1833,,314,5,,,0
57019,'22-6564fed809339',733,,315,5,,,0
57019,'23-6564fed80933b',833,,316,5,,,0
57019,'25-6564fed80933c',933,,317,5,,,0
57019,'26-6564fed80933d',1033,,318,5,,,0
57019,'27-6564fed80933e',1133,,319,5,,,0
57019,'28-6564fed809340',1233,,320,5,,,0
57019,'29-6564fed809341',1333,,321,5,,,0
57019,'30-6564fed80934e',1433,,322,5,,,0
57019,'67-6564fed80934f',2133,,323,5,,,0
57019,'74-6564fed809350',2033,,324,5,,,0
