55019,'137-6564fed8092d3',2208,,277,48,,,0
55019,'167-6564fed8092da',639,,278,48,,,0
55019,'168-6564fed8092df',1608,,279,48,,,0
55019,'169-6564fed809316',1708,,280,48,,,0
55019,'171-6564fed80931a',1808,,281,48,,,0
55019,'172-6564fed8092d5',1908,,282,48,,,0
55019,'173-6564fed8092db',739,,283,48,,,0
55019,'174-6564fed8092dc',839,,284,48,,,0
55019,'175-6564fed8092dd',939,,285,48,,,0
55019,'176-6564fed8092d6',1038,,286,48,,,0
55019,'177-6564fed8092d7',1138,,287,48,,,0
55019,'178-6564fed80931c',1238,,288,48,,,0
55019,'179-6564fed8092d8',1338,,289,48,,,0
55019,'180-6564fed80931b',1438,,290,48,,,0
55019,'73-6564fed8092d1',2008,,291,48,,,0
55019,'81-6564fed8092d2',2108,,292,48,,,0
