50019,'100-6564fed809236',847,,181,12,,,0
50019,'101-6564fed809237',947,,182,12,,,0
50019,'102-6564fed809238',1047,,183,12,,,0
50019,'103-6564fed80923a',1147,,184,12,,,0
50019,'105-6564fed80923b',1247,,185,12,,,0
50019,'106-6564fed80923c',1347,,186,12,,,0
50019,'107-6564fed80923d',1447,,187,12,,,0
50019,'115-6564fed80923f',1947,,188,12,,,0
50019,'13-6564fed809217',1818,,189,12,,,0
50019,'148-6564fed809227',618,,190,12,,,0
50019,'159-6564fed809229',1518,,191,12,,,0
50019,'170-6564fed80922a',1618,,192,12,,,0
50019,'2-6564fed809212',1718,,193,12,,,0
50019,'24-6564fed809219',718,,194,12,,,0
50019,'35-6564fed80921a',818,,195,12,,,0
50019,'46-6564fed80921b',918,,196,12,,,0
50019,'57-6564fed80921d',1018,,197,12,,,0
50019,'68-6564fed80921e',1118,,198,12,,,0
50019,'71-6564fed80922b',2047,,199,12,,,0
50019,'72-6564fed809220',2117,,200,12,,,0
50019,'75-6564fed809221',2017,,201,12,,,0
50019,'79-6564fed809222',1218,,202,12,,,0
50019,'86-6564fed80922d',2147,,203,12,,,0
50019,'89-6564fed809223',1917,,204,12,,,0
50019,'90-6564fed809225',1318,,205,12,,,0
50019,'92-6564fed809226',1418,,206,12,,,0
50019,'94-6564fed80922e',647,,207,12,,,0
50019,'95-6564fed80922f',1547,,208,12,,,0
50019,'96-6564fed809231',1647,,209,12,,,0
50019,'97-6564fed809232',1747,,210,12,,,0
50019,'98-6564fed809233',1847,,211,12,,,0
50019,'99-6564fed809234',747,,212,12,,,0
70019,'45-6564fed80924e',836,,341,12,,,0
70019,'47-6564fed80924f',936,,342,12,,,0
70019,'48-6564fed809251',1136,,343,12,,,0
70019,'49-6564fed809252',1236,,344,12,,,0
70019,'50-6564fed809253',1436,,345,12,,,0
70019,'51-6564fed809255',1536,,346,12,,,0
70019,'52-6564fed809256',1636,,347,12,,,0
70019,'53-6564fed809257',1736,,348,12,,,0
70019,'66-6564fed809258',1036,,350,12,,,0
