52019,'123-6564fed80928c',639,,229,16,,,0
52019,'124-6564fed80928e',1539,,230,16,,,0
52019,'125-6564fed80928f',1639,,231,16,,,0
52019,'127-6564fed809290',1739,,232,16,,,0
52019,'128-6564fed809291',1839,,233,16,,,0
52019,'129-6564fed809293',739,,234,16,,,0
52019,'130-6564fed809294',839,,235,16,,,0
52019,'131-6564fed809295',939,,236,16,,,0
52019,'132-6564fed809296',1039,,237,16,,,0
52019,'133-6564fed809297',1139,,238,16,,,0
52019,'134-6564fed809299',1239,,239,16,,,0
52019,'135-6564fed80929a',1339,,240,16,,,0
52019,'136-6564fed80929b',1439,,241,16,,,0
52019,'82-6564fed809288',2139,,242,16,,,0
52019,'84-6564fed80928a',1939,,243,16,,,0
52019,'87-6564fed80928b',2039,,244,16,,,0
