52019,'123-6564fed80928c',625,,229,4,,,0
52019,'124-6564fed80928e',1525,,230,4,,,0
52019,'125-6564fed80928f',1625,,231,4,,,0
52019,'127-6564fed809290',1725,,232,4,,,0
52019,'128-6564fed809291',1825,,233,4,,,0
52019,'129-6564fed809293',725,,234,4,,,0
52019,'130-6564fed809294',825,,235,4,,,0
52019,'131-6564fed809295',925,,236,4,,,0
52019,'132-6564fed809296',1025,,237,4,,,0
52019,'133-6564fed809297',1125,,238,4,,,0
52019,'134-6564fed809299',1225,,239,4,,,0
52019,'135-6564fed80929a',1325,,240,4,,,0
52019,'136-6564fed80929b',1425,,241,4,,,0
52019,'82-6564fed809288',2125,,242,4,,,0
52019,'84-6564fed80928a',1925,,243,4,,,0
52019,'87-6564fed80928b',2025,,244,4,,,0
