56019,'10-6564fed809327',918,,293,11,,,0
56019,'11-6564fed809328',1018,,294,11,,,0
56019,'12-6564fed809329',1118,,295,11,,,0
56019,'14-6564fed80932b',1218,,296,11,,,0
56019,'15-6564fed80932c',1318,,297,11,,,0
56019,'16-6564fed80932d',1418,,298,11,,,0
56019,'3-6564fed80931e',618,,299,11,,,0
56019,'4-6564fed80931f',1518,,300,11,,,0
56019,'5-6564fed809320',1618,,301,11,,,0
56019,'6-6564fed809322',1718,,302,11,,,0
56019,'7-6564fed809323',1818,,303,11,,,0
56019,'78-6564fed80932f',1918,,304,11,,,0
56019,'8-6564fed809324',718,,305,11,,,0
56019,'80-6564fed809330',2118,,306,11,,,0
56019,'9-6564fed809325',818,,307,11,,,0
56019,'93-6564fed809331',2018,,308,11,,,0
