52019,'123-6564fed80928c',641,,229,19,,,0
52019,'124-6564fed80928e',1541,,230,19,,,0
52019,'125-6564fed80928f',1641,,231,19,,,0
52019,'127-6564fed809290',1741,,232,19,,,0
52019,'128-6564fed809291',1841,,233,19,,,0
52019,'129-6564fed809293',741,,234,19,,,0
52019,'130-6564fed809294',841,,235,19,,,0
52019,'131-6564fed809295',941,,236,19,,,0
52019,'132-6564fed809296',1041,,237,19,,,0
52019,'133-6564fed809297',1141,,238,19,,,0
52019,'134-6564fed809299',1241,,239,19,,,0
52019,'135-6564fed80929a',1341,,240,19,,,0
52019,'136-6564fed80929b',1441,,241,19,,,0
52019,'82-6564fed809288',2141,,242,19,,,0
52019,'84-6564fed80928a',1941,,243,19,,,0
52019,'87-6564fed80928b',2041,,244,19,,,0
