51019,'108-6564fed809269',604,,213,5,,,0
51019,'109-6564fed80926a',1504,,214,5,,,0
51019,'110-6564fed80926b',1604,,215,5,,,0
51019,'111-6564fed80926d',1704,,216,5,,,0
51019,'112-6564fed80926e',1804,,217,5,,,0
51019,'113-6564fed80926f',1904,,218,5,,,0
51019,'114-6564fed809271',704,,219,5,,,0
51019,'116-6564fed809272',804,,220,5,,,0
51019,'117-6564fed809273',904,,221,5,,,0
51019,'118-6564fed809274',1004,,222,5,,,0
51019,'119-6564fed809276',1104,,223,5,,,0
51019,'120-6564fed809283',1204,,224,5,,,0
51019,'121-6564fed809285',1304,,225,5,,,0
51019,'122-6564fed809286',1404,,226,5,,,0
51019,'126-6564fed809287',2104,,227,5,,,0
51019,'76-6564fed809268',2004,,228,5,,,0
