56019,'10-6564fed809327',911,,293,2,,,0
56019,'11-6564fed809328',1011,,294,2,,,0
56019,'12-6564fed809329',1111,,295,2,,,0
56019,'14-6564fed80932b',1211,,296,2,,,0
56019,'15-6564fed80932c',1311,,297,2,,,0
56019,'16-6564fed80932d',1411,,298,2,,,0
56019,'3-6564fed80931e',611,,299,2,,,0
56019,'4-6564fed80931f',1511,,300,2,,,0
56019,'5-6564fed809320',1611,,301,2,,,0
56019,'6-6564fed809322',1711,,302,2,,,0
56019,'7-6564fed809323',1811,,303,2,,,0
56019,'78-6564fed80932f',1911,,304,2,,,0
56019,'8-6564fed809324',711,,305,2,,,0
56019,'80-6564fed809330',2111,,306,2,,,0
56019,'9-6564fed809325',811,,307,2,,,0
56019,'93-6564fed809331',2011,,308,2,,,0
