56019,'10-6564fed809327',915,,293,8,,,0
56019,'11-6564fed809328',1015,,294,8,,,0
56019,'12-6564fed809329',1115,,295,8,,,0
56019,'14-6564fed80932b',1215,,296,8,,,0
56019,'15-6564fed80932c',1315,,297,8,,,0
56019,'16-6564fed80932d',1415,,298,8,,,0
56019,'3-6564fed80931e',615,,299,8,,,0
56019,'4-6564fed80931f',1515,,300,8,,,0
56019,'5-6564fed809320',1615,,301,8,,,0
56019,'6-6564fed809322',1715,,302,8,,,0
56019,'7-6564fed809323',1815,,303,8,,,0
56019,'78-6564fed80932f',1915,,304,8,,,0
56019,'8-6564fed809324',715,,305,8,,,0
56019,'80-6564fed809330',2115,,306,8,,,0
56019,'9-6564fed809325',815,,307,8,,,0
56019,'93-6564fed809331',2015,,308,8,,,0
