52019,'123-6564fed80928c',630,,229,7,,,0,19,,229,28,,,0
52019,'124-6564fed80928e',1530,,230,7,,,0,19,,230,28,,,0
52019,'125-6564fed80928f',1630,,231,7,,,0,19,,231,28,,,0
52019,'127-6564fed809290',1730,,232,7,,,0,19,,232,28,,,0
52019,'128-6564fed809291',1830,,233,7,,,0,19,,233,28,,,0
52019,'129-6564fed809293',730,,234,7,,,0,19,,234,28,,,0
52019,'130-6564fed809294',830,,235,7,,,0,19,,235,28,,,0
52019,'131-6564fed809295',930,,236,7,,,0,19,,236,28,,,0
52019,'132-6564fed809296',1030,,237,7,,,0,19,,237,28,,,0
52019,'133-6564fed809297',1130,,238,7,,,0,19,,238,28,,,0
52019,'134-6564fed809299',1230,,239,7,,,0,19,,239,28,,,0
52019,'135-6564fed80929a',1330,,240,7,,,0,19,,240,28,,,0
52019,'136-6564fed80929b',1430,,241,7,,,0,19,,241,28,,,0
52019,'82-6564fed809288',2130,,242,7,,,0,19,,242,28,,,0
52019,'84-6564fed80928a',1930,,243,7,,,0,19,,243,28,,,0
52019,'87-6564fed80928b',2030,,244,7,,,0,19,,244,28,,,0
60019,'1-6564fed809353',2023,,325,10,,,0
60019,'31-6564fed809354',653,,326,10,,,0
60019,'32-6564fed809355',1523,,327,10,,,0
60019,'33-6564fed809357',1623,,328,10,,,0
60019,'34-6564fed809358',1723,,329,10,,,0
60019,'36-6564fed809359',1823,,330,10,,,0
60019,'37-6564fed80935b',753,,331,10,,,0
60019,'38-6564fed80935c',853,,332,10,,,0
60019,'39-6564fed80935d',953,,333,10,,,0
60019,'40-6564fed80935e',1053,,334,10,,,0
60019,'41-6564fed809360',1153,,335,10,,,0
60019,'42-6564fed809361',1253,,336,10,,,0
60019,'43-6564fed809362',1353,,337,10,,,0
60019,'44-6564fed809363',1453,,338,10,,,0
60019,'83-6564fed809365',2123,,339,10,,,0
60019,'85-6564fed809366',1923,,340,10,,,0
