57019,'104-6564fed809352',1944,,309,17,,,0
57019,'17-6564fed809333',644,,310,17,,,0
57019,'18-6564fed809334',1544,,311,17,,,0
57019,'19-6564fed809335',1644,,312,17,,,0
57019,'20-6564fed809336',1744,,313,17,,,0
57019,'21-6564fed809338',1844,,314,17,,,0
57019,'22-6564fed809339',744,,315,17,,,0
57019,'23-6564fed80933b',844,,316,17,,,0
57019,'25-6564fed80933c',944,,317,17,,,0
57019,'26-6564fed80933d',1044,,318,17,,,0
57019,'27-6564fed80933e',1144,,319,17,,,0
57019,'28-6564fed809340',1244,,320,17,,,0
57019,'29-6564fed809341',1344,,321,17,,,0
57019,'30-6564fed80934e',1444,,322,17,,,0
57019,'67-6564fed80934f',2144,,323,17,,,0
57019,'74-6564fed809350',2044,,324,17,,,0
