54019,'153-6564fed8092c0',629,,261,6,,,0
54019,'154-6564fed8092c1',1529,,262,6,,,0
54019,'155-6564fed8092c2',1629,,263,6,,,0
54019,'156-6564fed8092c4',1729,,264,6,,,0
54019,'157-6564fed8092c5',1829,,265,6,,,0
54019,'158-6564fed8092c7',729,,266,6,,,0
54019,'160-6564fed8092c8',829,,267,6,,,0
54019,'161-6564fed8092c9',929,,268,6,,,0
54019,'162-6564fed8092ca',1029,,269,6,,,0
54019,'163-6564fed8092cc',1129,,270,6,,,0
54019,'164-6564fed8092cd',1229,,271,6,,,0
54019,'165-6564fed8092ce',1329,,272,6,,,0
54019,'166-6564fed8092cf',1429,,273,6,,,0
54019,'70-6564fed8092bc',2029,,274,6,,,0
54019,'77-6564fed8092bd',1929,,275,6,,,0
54019,'88-6564fed8092bf',2129,,276,6,,,0
