55019,'137-6564fed8092d3',2154,,277,16,,,0
55019,'167-6564fed8092da',628,,278,40,,,0
55019,'168-6564fed8092df',1552,,279,16,,,0
55019,'169-6564fed809316',1652,,280,16,,,0
55019,'171-6564fed80931a',1752,,281,16,,,0
55019,'172-6564fed8092d5',1854,,282,16,,,0
55019,'173-6564fed8092db',728,,283,40,,,0
55019,'174-6564fed8092dc',828,,284,40,,,0
55019,'175-6564fed8092dd',928,,285,40,,,0
55019,'176-6564fed8092d6',1024,,286,16,,,0
55019,'177-6564fed8092d7',1124,,287,16,,,0
55019,'178-6564fed80931c',1224,,288,16,,,0
55019,'179-6564fed8092d8',1324,,289,16,,,0
55019,'180-6564fed80931b',1422,,290,16,,,0
55019,'73-6564fed8092d1',1954,,291,16,,,0
55019,'81-6564fed8092d2',2054,,292,16,,,0
