53019,'138-6564fed80929f',612,,245,17,,,0
53019,'139-6564fed8092a0',1512,,246,17,,,0
53019,'140-6564fed8092a1',1612,,247,17,,,0
53019,'141-6564fed8092a3',1712,,248,17,,,0
53019,'142-6564fed8092a4',1812,,249,17,,,0
53019,'143-6564fed8092a5',1912,,250,17,,,0
53019,'144-6564fed8092a7',712,,251,17,,,0
53019,'145-6564fed8092a8',812,,252,17,,,0
53019,'146-6564fed8092a9',912,,253,17,,,0
53019,'147-6564fed8092aa',1012,,254,17,,,0
53019,'149-6564fed8092b7',1112,,255,17,,,0
53019,'150-6564fed8092b8',1212,,256,17,,,0
53019,'151-6564fed8092ba',1312,,257,17,,,0
53019,'152-6564fed8092bb',1412,,258,17,,,0
53019,'69-6564fed80929c',2012,,259,17,,,0
53019,'91-6564fed80929e',2112,,260,17,,,0
