50019,'13-6564fed809217',1802,,189,3,,,0
50019,'148-6564fed809227',602,,190,3,,,0
50019,'159-6564fed809229',1502,,191,3,,,0
50019,'170-6564fed80922a',1602,,192,3,,,0
50019,'2-6564fed809212',1702,,193,3,,,0
50019,'24-6564fed809219',702,,194,3,,,0
50019,'35-6564fed80921a',802,,195,3,,,0
50019,'46-6564fed80921b',902,,196,3,,,0
50019,'57-6564fed80921d',1002,,197,3,,,0
50019,'68-6564fed80921e',1102,,198,3,,,0
50019,'72-6564fed809220',2102,,200,3,,,0
50019,'75-6564fed809221',2002,,201,3,,,0
50019,'79-6564fed809222',1202,,202,3,,,0
50019,'89-6564fed809223',1902,,204,3,,,0
50019,'90-6564fed809225',1302,,205,3,,,0
50019,'92-6564fed809226',1402,,206,3,,,0
70019,'45-6564fed80924e',851,,341,19,,,0
70019,'47-6564fed80924f',951,,342,19,,,0
70019,'48-6564fed809251',1151,,343,19,,,0
70019,'49-6564fed809252',1251,,344,19,,,0
70019,'50-6564fed809253',1451,,345,19,,,0
70019,'51-6564fed809255',1551,,346,19,,,0
70019,'52-6564fed809256',1651,,347,19,,,0
70019,'53-6564fed809257',1751,,348,19,,,0
70019,'54-6564fed80925a',751,,349,3,,,0
70019,'66-6564fed809258',1051,,350,19,,,0
