55019,'137-6564fed8092d3',2147,,277,6,,,0
55019,'167-6564fed8092da',620,,278,30,,,0
55019,'168-6564fed8092df',1544,,279,6,,,0
55019,'169-6564fed809316',1644,,280,6,,,0
55019,'171-6564fed80931a',1744,,281,6,,,0
55019,'172-6564fed8092d5',1847,,282,6,,,0
55019,'173-6564fed8092db',720,,283,30,,,0
55019,'174-6564fed8092dc',820,,284,30,,,0
55019,'175-6564fed8092dd',920,,285,30,,,0
55019,'176-6564fed8092d6',1017,,286,6,,,0
55019,'177-6564fed8092d7',1117,,287,6,,,0
55019,'178-6564fed80931c',1217,,288,6,,,0
55019,'179-6564fed8092d8',1317,,289,6,,,0
55019,'180-6564fed80931b',1414,,290,6,,,0
55019,'73-6564fed8092d1',1947,,291,6,,,0
55019,'81-6564fed8092d2',2047,,292,6,,,0
