51019,'108-6564fed809269',602,,213,3,,,0
51019,'109-6564fed80926a',1502,,214,3,,,0
51019,'110-6564fed80926b',1602,,215,3,,,0
51019,'111-6564fed80926d',1702,,216,3,,,0
51019,'112-6564fed80926e',1802,,217,3,,,0
51019,'113-6564fed80926f',1902,,218,3,,,0
51019,'114-6564fed809271',702,,219,3,,,0
51019,'116-6564fed809272',802,,220,3,,,0
51019,'117-6564fed809273',902,,221,3,,,0
51019,'118-6564fed809274',1002,,222,3,,,0
51019,'119-6564fed809276',1102,,223,3,,,0
51019,'120-6564fed809283',1202,,224,3,,,0
51019,'121-6564fed809285',1302,,225,3,,,0
51019,'122-6564fed809286',1402,,226,3,,,0
51019,'126-6564fed809287',2102,,227,3,,,0
51019,'76-6564fed809268',2002,,228,3,,,0
