55019,'137-6564fed8092d3',2149,,277,9,,,0
55019,'167-6564fed8092da',622,,278,33,,,0
55019,'168-6564fed8092df',1546,,279,9,,,0
55019,'169-6564fed809316',1646,,280,9,,,0
55019,'171-6564fed80931a',1746,,281,9,,,0
55019,'172-6564fed8092d5',1849,,282,9,,,0
55019,'173-6564fed8092db',722,,283,33,,,0
55019,'174-6564fed8092dc',822,,284,33,,,0
55019,'175-6564fed8092dd',922,,285,33,,,0
55019,'176-6564fed8092d6',1019,,286,9,,,0
55019,'177-6564fed8092d7',1119,,287,9,,,0
55019,'178-6564fed80931c',1219,,288,9,,,0
55019,'179-6564fed8092d8',1319,,289,9,,,0
55019,'180-6564fed80931b',1416,,290,9,,,0
55019,'73-6564fed8092d1',1949,,291,9,,,0
55019,'81-6564fed8092d2',2049,,292,9,,,0
