55019,'137-6564fed8092d3',2148,,277,7,,,0
55019,'167-6564fed8092da',621,,278,31,,,0
55019,'168-6564fed8092df',1545,,279,7,,,0
55019,'169-6564fed809316',1645,,280,7,,,0
55019,'171-6564fed80931a',1745,,281,7,,,0
55019,'172-6564fed8092d5',1848,,282,7,,,0
55019,'173-6564fed8092db',721,,283,31,,,0
55019,'174-6564fed8092dc',821,,284,31,,,0
55019,'175-6564fed8092dd',921,,285,31,,,0
55019,'176-6564fed8092d6',1018,,286,7,,,0
55019,'177-6564fed8092d7',1118,,287,7,,,0
55019,'178-6564fed80931c',1218,,288,7,,,0
55019,'179-6564fed8092d8',1318,,289,7,,,0
55019,'180-6564fed80931b',1415,,290,7,,,0
55019,'73-6564fed8092d1',1948,,291,7,,,0
55019,'81-6564fed8092d2',2048,,292,7,,,0
