57019,'104-6564fed809352',1934,,309,7,,,0
57019,'17-6564fed809333',634,,310,7,,,0
57019,'18-6564fed809334',1534,,311,7,,,0
57019,'19-6564fed809335',1634,,312,7,,,0
57019,'20-6564fed809336',1734,,313,7,,,0
57019,'21-6564fed809338',1834,,314,7,,,0
57019,'22-6564fed809339',734,,315,7,,,0
57019,'23-6564fed80933b',834,,316,7,,,0
57019,'25-6564fed80933c',934,,317,7,,,0
57019,'26-6564fed80933d',1034,,318,7,,,0
57019,'27-6564fed80933e',1134,,319,7,,,0
57019,'28-6564fed809340',1234,,320,7,,,0
57019,'29-6564fed809341',1334,,321,7,,,0
57019,'30-6564fed80934e',1434,,322,7,,,0
57019,'67-6564fed80934f',2134,,323,7,,,0
57019,'74-6564fed809350',2034,,324,7,,,0
