55019,'137-6564fed8092d3',2155,,277,18,,,0
55019,'167-6564fed8092da',630,,278,42,,,0
55019,'168-6564fed8092df',1553,,279,18,,,0
55019,'169-6564fed809316',1653,,280,18,,,0
55019,'171-6564fed80931a',1753,,281,18,,,0
55019,'172-6564fed8092d5',1855,,282,18,,,0
55019,'173-6564fed8092db',730,,283,42,,,0
55019,'174-6564fed8092dc',830,,284,42,,,0
55019,'175-6564fed8092dd',930,,285,42,,,0
55019,'176-6564fed8092d6',1025,,286,18,,,0
55019,'177-6564fed8092d7',1125,,287,18,,,0
55019,'178-6564fed80931c',1225,,288,18,,,0
55019,'179-6564fed8092d8',1325,,289,18,,,0
55019,'180-6564fed80931b',1423,,290,18,,,0
55019,'73-6564fed8092d1',1955,,291,18,,,0
55019,'81-6564fed8092d2',2055,,292,18,,,0
