53019,'138-6564fed80929f',623,,245,26,,,0
53019,'139-6564fed8092a0',1523,,246,26,,,0
53019,'140-6564fed8092a1',1623,,247,26,,,0
53019,'141-6564fed8092a3',1723,,248,26,,,0
53019,'142-6564fed8092a4',1823,,249,26,,,0
53019,'143-6564fed8092a5',1923,,250,26,,,0
53019,'144-6564fed8092a7',723,,251,26,,,0
53019,'145-6564fed8092a8',823,,252,26,,,0
53019,'146-6564fed8092a9',923,,253,26,,,0
53019,'147-6564fed8092aa',1023,,254,26,,,0
53019,'149-6564fed8092b7',1123,,255,26,,,0
53019,'150-6564fed8092b8',1223,,256,26,,,0
53019,'151-6564fed8092ba',1323,,257,26,,,0
53019,'152-6564fed8092bb',1423,,258,26,,,0
53019,'69-6564fed80929c',2023,,259,26,,,0
53019,'91-6564fed80929e',2123,,260,26,,,0
