54019,'153-6564fed8092c0',651,,261,24,,,0
54019,'154-6564fed8092c1',1551,,262,24,,,0
54019,'155-6564fed8092c2',1651,,263,24,,,0
54019,'156-6564fed8092c4',1751,,264,24,,,0
54019,'157-6564fed8092c5',1851,,265,24,,,0
54019,'158-6564fed8092c7',751,,266,24,,,0
54019,'160-6564fed8092c8',851,,267,24,,,0
54019,'161-6564fed8092c9',951,,268,24,,,0
54019,'162-6564fed8092ca',1051,,269,24,,,0
54019,'163-6564fed8092cc',1151,,270,24,,,0
54019,'164-6564fed8092cd',1251,,271,24,,,0
54019,'165-6564fed8092ce',1351,,272,24,,,0
54019,'166-6564fed8092cf',1451,,273,24,,,0
54019,'70-6564fed8092bc',2051,,274,24,,,0
54019,'77-6564fed8092bd',1951,,275,24,,,0
54019,'88-6564fed8092bf',2151,,276,24,,,0
