55019,'137-6564fed8092d3',2150,,277,10,,,0
55019,'167-6564fed8092da',623,,278,34,,,0
55019,'168-6564fed8092df',1547,,279,10,,,0
55019,'169-6564fed809316',1647,,280,10,,,0
55019,'171-6564fed80931a',1747,,281,10,,,0
55019,'172-6564fed8092d5',1850,,282,10,,,0
55019,'173-6564fed8092db',723,,283,34,,,0
55019,'174-6564fed8092dc',823,,284,34,,,0
55019,'175-6564fed8092dd',923,,285,34,,,0
55019,'176-6564fed8092d6',1020,,286,10,,,0
55019,'177-6564fed8092d7',1120,,287,10,,,0
55019,'178-6564fed80931c',1220,,288,10,,,0
55019,'179-6564fed8092d8',1320,,289,10,,,0
55019,'180-6564fed80931b',1417,,290,10,,,0
55019,'73-6564fed8092d1',1950,,291,10,,,0
55019,'81-6564fed8092d2',2050,,292,10,,,0
