60019,'1-6564fed809353',2016,,325,4,,,0
60019,'31-6564fed809354',646,,326,4,,,0
60019,'32-6564fed809355',1516,,327,4,,,0
60019,'33-6564fed809357',1616,,328,4,,,0
60019,'34-6564fed809358',1716,,329,4,,,0
60019,'36-6564fed809359',1816,,330,4,,,0
60019,'37-6564fed80935b',746,,331,4,,,0
60019,'38-6564fed80935c',846,,332,4,,,0
60019,'39-6564fed80935d',946,,333,4,,,0
60019,'40-6564fed80935e',1046,,334,4,,,0
60019,'41-6564fed809360',1146,,335,4,,,0
60019,'42-6564fed809361',1246,,336,4,,,0
60019,'43-6564fed809362',1346,,337,4,,,0
60019,'44-6564fed809363',1446,,338,4,,,0
60019,'83-6564fed809365',2116,,339,4,,,0
60019,'85-6564fed809366',1916,,340,4,,,0
