56019,'10-6564fed809327',922,,293,18,,,0
56019,'11-6564fed809328',1022,,294,18,,,0
56019,'12-6564fed809329',1122,,295,18,,,0
56019,'14-6564fed80932b',1222,,296,18,,,0
56019,'15-6564fed80932c',1322,,297,18,,,0
56019,'16-6564fed80932d',1422,,298,18,,,0
56019,'3-6564fed80931e',622,,299,18,,,0
56019,'4-6564fed80931f',1522,,300,18,,,0
56019,'5-6564fed809320',1622,,301,18,,,0
56019,'6-6564fed809322',1722,,302,18,,,0
56019,'7-6564fed809323',1822,,303,18,,,0
56019,'78-6564fed80932f',1922,,304,18,,,0
56019,'8-6564fed809324',722,,305,18,,,0
56019,'80-6564fed809330',2122,,306,18,,,0
56019,'9-6564fed809325',822,,307,18,,,0
56019,'93-6564fed809331',2022,,308,18,,,0
