51019,'108-6564fed809269',605,,213,7,,,0
51019,'109-6564fed80926a',1505,,214,7,,,0
51019,'110-6564fed80926b',1605,,215,7,,,0
51019,'111-6564fed80926d',1705,,216,7,,,0
51019,'112-6564fed80926e',1805,,217,7,,,0
51019,'113-6564fed80926f',1905,,218,7,,,0
51019,'114-6564fed809271',705,,219,7,,,0
51019,'116-6564fed809272',805,,220,7,,,0
51019,'117-6564fed809273',905,,221,7,,,0
51019,'118-6564fed809274',1005,,222,7,,,0
51019,'119-6564fed809276',1105,,223,7,,,0
51019,'120-6564fed809283',1205,,224,7,,,0
51019,'121-6564fed809285',1305,,225,7,,,0
51019,'122-6564fed809286',1405,,226,7,,,0
51019,'126-6564fed809287',2105,,227,7,,,0
51019,'76-6564fed809268',2005,,228,7,,,0
