57019,'104-6564fed809352',1958,,309,27,,,0
57019,'17-6564fed809333',658,,310,27,,,0
57019,'18-6564fed809334',1558,,311,27,,,0
57019,'19-6564fed809335',1658,,312,27,,,0
57019,'20-6564fed809336',1758,,313,27,,,0
57019,'21-6564fed809338',1858,,314,27,,,0
57019,'22-6564fed809339',758,,315,27,,,0
57019,'23-6564fed80933b',858,,316,27,,,0
57019,'25-6564fed80933c',958,,317,27,,,0
57019,'26-6564fed80933d',1058,,318,27,,,0
57019,'27-6564fed80933e',1158,,319,27,,,0
57019,'28-6564fed809340',1258,,320,27,,,0
57019,'29-6564fed809341',1358,,321,27,,,0
57019,'30-6564fed80934e',1458,,322,27,,,0
57019,'67-6564fed80934f',2158,,323,27,,,0
57019,'74-6564fed809350',2058,,324,27,,,0
71019,'55-6564fed80925b',806,,351,4,,,0
71019,'56-6564fed80925c',1806,,352,4,,,0
71019,'58-6564fed80925e',906,,353,4,,,0
71019,'59-6564fed80925f',1006,,354,4,,,0
71019,'60-6564fed809260',1106,,355,4,,,0
71019,'61-6564fed809261',1206,,356,4,,,0
71019,'62-6564fed809263',1306,,357,4,,,0
71019,'63-6564fed809264',1506,,358,4,,,0
71019,'64-6564fed809265',1606,,359,4,,,0
71019,'65-6564fed809266',1706,,360,4,,,0
