52019,'123-6564fed80928c',642,,229,20,,,0
52019,'124-6564fed80928e',1542,,230,20,,,0
52019,'125-6564fed80928f',1642,,231,20,,,0
52019,'127-6564fed809290',1742,,232,20,,,0
52019,'128-6564fed809291',1842,,233,20,,,0
52019,'129-6564fed809293',742,,234,20,,,0
52019,'130-6564fed809294',842,,235,20,,,0
52019,'131-6564fed809295',942,,236,20,,,0
52019,'132-6564fed809296',1042,,237,20,,,0
52019,'133-6564fed809297',1142,,238,20,,,0
52019,'134-6564fed809299',1242,,239,20,,,0
52019,'135-6564fed80929a',1342,,240,20,,,0
52019,'136-6564fed80929b',1442,,241,20,,,0
52019,'82-6564fed809288',2142,,242,20,,,0
52019,'84-6564fed80928a',1942,,243,20,,,0
52019,'87-6564fed80928b',2042,,244,20,,,0
