53019,'138-6564fed80929f',601,,245,7,,,0
53019,'139-6564fed8092a0',1501,,246,7,,,0
53019,'140-6564fed8092a1',1601,,247,7,,,0
53019,'141-6564fed8092a3',1701,,248,7,,,0
53019,'142-6564fed8092a4',1801,,249,7,,,0
53019,'143-6564fed8092a5',1901,,250,7,,,0
53019,'144-6564fed8092a7',701,,251,7,,,0
53019,'145-6564fed8092a8',801,,252,7,,,0
53019,'146-6564fed8092a9',901,,253,7,,,0
53019,'147-6564fed8092aa',1001,,254,7,,,0
53019,'149-6564fed8092b7',1101,,255,7,,,0
53019,'150-6564fed8092b8',1201,,256,7,,,0
53019,'151-6564fed8092ba',1301,,257,7,,,0
53019,'152-6564fed8092bb',1401,,258,7,,,0
53019,'69-6564fed80929c',2001,,259,7,,,0
53019,'91-6564fed80929e',2101,,260,7,,,0
