52019,'123-6564fed80928c',643,,229,21,,,0
52019,'124-6564fed80928e',1543,,230,21,,,0
52019,'125-6564fed80928f',1643,,231,21,,,0
52019,'127-6564fed809290',1743,,232,21,,,0
52019,'128-6564fed809291',1843,,233,21,,,0
52019,'129-6564fed809293',743,,234,21,,,0
52019,'130-6564fed809294',843,,235,21,,,0
52019,'131-6564fed809295',943,,236,21,,,0
52019,'132-6564fed809296',1043,,237,21,,,0
52019,'133-6564fed809297',1143,,238,21,,,0
52019,'134-6564fed809299',1243,,239,21,,,0
52019,'135-6564fed80929a',1343,,240,21,,,0
52019,'136-6564fed80929b',1443,,241,21,,,0
52019,'82-6564fed809288',2143,,242,21,,,0
52019,'84-6564fed80928a',1943,,243,21,,,0
52019,'87-6564fed80928b',2043,,244,21,,,0
