60019,'1-6564fed809353',2020,,325,8,,,0
60019,'31-6564fed809354',650,,326,8,,,0
60019,'32-6564fed809355',1520,,327,8,,,0
60019,'33-6564fed809357',1620,,328,8,,,0
60019,'34-6564fed809358',1720,,329,8,,,0
60019,'36-6564fed809359',1820,,330,8,,,0
60019,'37-6564fed80935b',750,,331,8,,,0
60019,'38-6564fed80935c',850,,332,8,,,0
60019,'39-6564fed80935d',950,,333,8,,,0
60019,'40-6564fed80935e',1050,,334,8,,,0
60019,'41-6564fed809360',1150,,335,8,,,0
60019,'42-6564fed809361',1250,,336,8,,,0
60019,'43-6564fed809362',1350,,337,8,,,0
60019,'44-6564fed809363',1450,,338,8,,,0
60019,'83-6564fed809365',2120,,339,8,,,0
60019,'85-6564fed809366',1920,,340,8,,,0
