52019,'123-6564fed80928c',628,,229,6,,,0,19,,229,27,,,0
52019,'124-6564fed80928e',1528,,230,6,,,0,19,,230,27,,,0
52019,'125-6564fed80928f',1628,,231,6,,,0,19,,231,27,,,0
52019,'127-6564fed809290',1728,,232,6,,,0,19,,232,27,,,0
52019,'128-6564fed809291',1828,,233,6,,,0,19,,233,27,,,0
52019,'129-6564fed809293',728,,234,6,,,0,19,,234,27,,,0
52019,'130-6564fed809294',828,,235,6,,,0,19,,235,27,,,0
52019,'131-6564fed809295',928,,236,6,,,0,19,,236,27,,,0
52019,'132-6564fed809296',1028,,237,6,,,0,19,,237,27,,,0
52019,'133-6564fed809297',1128,,238,6,,,0,19,,238,27,,,0
52019,'134-6564fed809299',1228,,239,6,,,0,19,,239,27,,,0
52019,'135-6564fed80929a',1328,,240,6,,,0,19,,240,27,,,0
52019,'136-6564fed80929b',1428,,241,6,,,0,19,,241,27,,,0
52019,'82-6564fed809288',2128,,242,6,,,0,19,,242,27,,,0
52019,'84-6564fed80928a',1928,,243,6,,,0,19,,243,27,,,0
52019,'87-6564fed80928b',2028,,244,6,,,0,19,,244,27,,,0
