57019,'104-6564fed809352',1941,,309,14,,,0
57019,'17-6564fed809333',641,,310,14,,,0
57019,'18-6564fed809334',1541,,311,14,,,0
57019,'19-6564fed809335',1641,,312,14,,,0
57019,'20-6564fed809336',1741,,313,14,,,0
57019,'21-6564fed809338',1841,,314,14,,,0
57019,'22-6564fed809339',741,,315,14,,,0
57019,'23-6564fed80933b',841,,316,14,,,0
57019,'25-6564fed80933c',941,,317,14,,,0
57019,'26-6564fed80933d',1041,,318,14,,,0
57019,'27-6564fed80933e',1141,,319,14,,,0
57019,'28-6564fed809340',1241,,320,14,,,0
57019,'29-6564fed809341',1341,,321,14,,,0
57019,'30-6564fed80934e',1441,,322,14,,,0
57019,'67-6564fed80934f',2141,,323,14,,,0
57019,'74-6564fed809350',2041,,324,14,,,0
