54019,'153-6564fed8092c0',628,,261,4,,,0
54019,'154-6564fed8092c1',1528,,262,4,,,0
54019,'155-6564fed8092c2',1628,,263,4,,,0
54019,'156-6564fed8092c4',1728,,264,4,,,0
54019,'157-6564fed8092c5',1828,,265,4,,,0
54019,'158-6564fed8092c7',728,,266,4,,,0
54019,'160-6564fed8092c8',828,,267,4,,,0
54019,'161-6564fed8092c9',928,,268,4,,,0
54019,'162-6564fed8092ca',1028,,269,4,,,0
54019,'163-6564fed8092cc',1128,,270,4,,,0
54019,'164-6564fed8092cd',1228,,271,4,,,0
54019,'165-6564fed8092ce',1328,,272,4,,,0
54019,'166-6564fed8092cf',1428,,273,4,,,0
54019,'70-6564fed8092bc',2028,,274,4,,,0
54019,'77-6564fed8092bd',1928,,275,4,,,0
54019,'88-6564fed8092bf',2128,,276,4,,,0
