53019,'138-6564fed80929f',617,,245,22,,,0
53019,'139-6564fed8092a0',1517,,246,22,,,0
53019,'140-6564fed8092a1',1617,,247,22,,,0
53019,'141-6564fed8092a3',1717,,248,22,,,0
53019,'142-6564fed8092a4',1817,,249,22,,,0
53019,'143-6564fed8092a5',1917,,250,22,,,0
53019,'144-6564fed8092a7',717,,251,22,,,0
53019,'145-6564fed8092a8',817,,252,22,,,0
53019,'146-6564fed8092a9',917,,253,22,,,0
53019,'147-6564fed8092aa',1017,,254,22,,,0
53019,'149-6564fed8092b7',1117,,255,22,,,0
53019,'150-6564fed8092b8',1217,,256,22,,,0
53019,'151-6564fed8092ba',1317,,257,22,,,0
53019,'152-6564fed8092bb',1417,,258,22,,,0
53019,'69-6564fed80929c',2017,,259,22,,,0
53019,'91-6564fed80929e',2117,,260,22,,,0
