53019,'138-6564fed80929f',602,,245,8,,,0
53019,'139-6564fed8092a0',1502,,246,8,,,0
53019,'140-6564fed8092a1',1602,,247,8,,,0
53019,'141-6564fed8092a3',1702,,248,8,,,0
53019,'142-6564fed8092a4',1802,,249,8,,,0
53019,'143-6564fed8092a5',1902,,250,8,,,0
53019,'144-6564fed8092a7',702,,251,8,,,0
53019,'145-6564fed8092a8',802,,252,8,,,0
53019,'146-6564fed8092a9',902,,253,8,,,0
53019,'147-6564fed8092aa',1002,,254,8,,,0
53019,'149-6564fed8092b7',1102,,255,8,,,0
53019,'150-6564fed8092b8',1202,,256,8,,,0
53019,'151-6564fed8092ba',1302,,257,8,,,0
53019,'152-6564fed8092bb',1402,,258,8,,,0
53019,'69-6564fed80929c',2002,,259,8,,,0
53019,'91-6564fed80929e',2102,,260,8,,,0
