57019,'104-6564fed809352',2005,,309,35,,,0
57019,'17-6564fed809333',705,,310,35,,,0
57019,'18-6564fed809334',1605,,311,35,,,0
57019,'19-6564fed809335',1705,,312,35,,,0
57019,'20-6564fed809336',1805,,313,35,,,0
57019,'21-6564fed809338',1905,,314,35,,,0
57019,'22-6564fed809339',805,,315,35,,,0
57019,'23-6564fed80933b',905,,316,35,,,0
57019,'25-6564fed80933c',1005,,317,35,,,0
57019,'26-6564fed80933d',1105,,318,35,,,0
57019,'27-6564fed80933e',1205,,319,35,,,0
57019,'28-6564fed809340',1305,,320,35,,,0
57019,'29-6564fed809341',1405,,321,35,,,0
57019,'30-6564fed80934e',1505,,322,35,,,0
57019,'67-6564fed80934f',2205,,323,35,,,0
57019,'74-6564fed809350',2105,,324,35,,,0
