60019,'1-6564fed809353',2027,,325,14,,,0
60019,'31-6564fed809354',657,,326,14,,,0
60019,'32-6564fed809355',1527,,327,14,,,0
60019,'33-6564fed809357',1627,,328,14,,,0
60019,'34-6564fed809358',1727,,329,14,,,0
60019,'36-6564fed809359',1827,,330,14,,,0
60019,'37-6564fed80935b',757,,331,14,,,0
60019,'38-6564fed80935c',857,,332,14,,,0
60019,'39-6564fed80935d',957,,333,14,,,0
60019,'40-6564fed80935e',1057,,334,14,,,0
60019,'41-6564fed809360',1157,,335,14,,,0
60019,'42-6564fed809361',1257,,336,14,,,0
60019,'43-6564fed809362',1357,,337,14,,,0
60019,'44-6564fed809363',1457,,338,14,,,0
60019,'83-6564fed809365',2127,,339,14,,,0
60019,'85-6564fed809366',1927,,340,14,,,0
