56019,'10-6564fed809327',920,,293,16,,,0
56019,'11-6564fed809328',1020,,294,16,,,0
56019,'12-6564fed809329',1120,,295,16,,,0
56019,'14-6564fed80932b',1220,,296,16,,,0
56019,'15-6564fed80932c',1320,,297,16,,,0
56019,'16-6564fed80932d',1420,,298,16,,,0
56019,'3-6564fed80931e',620,,299,16,,,0
56019,'4-6564fed80931f',1520,,300,16,,,0
56019,'5-6564fed809320',1620,,301,16,,,0
56019,'6-6564fed809322',1720,,302,16,,,0
56019,'7-6564fed809323',1820,,303,16,,,0
56019,'78-6564fed80932f',1920,,304,16,,,0
56019,'8-6564fed809324',720,,305,16,,,0
56019,'80-6564fed809330',2120,,306,16,,,0
56019,'9-6564fed809325',820,,307,16,,,0
56019,'93-6564fed809331',2020,,308,16,,,0
