52019,'123-6564fed80928c',636,,229,12,,,0
52019,'124-6564fed80928e',1536,,230,12,,,0
52019,'125-6564fed80928f',1636,,231,12,,,0
52019,'127-6564fed809290',1736,,232,12,,,0
52019,'128-6564fed809291',1836,,233,12,,,0
52019,'129-6564fed809293',736,,234,12,,,0
52019,'130-6564fed809294',836,,235,12,,,0
52019,'131-6564fed809295',936,,236,12,,,0
52019,'132-6564fed809296',1036,,237,12,,,0
52019,'133-6564fed809297',1136,,238,12,,,0
52019,'134-6564fed809299',1236,,239,12,,,0
52019,'135-6564fed80929a',1336,,240,12,,,0
52019,'136-6564fed80929b',1436,,241,12,,,0
52019,'82-6564fed809288',2136,,242,12,,,0
52019,'84-6564fed80928a',1936,,243,12,,,0
52019,'87-6564fed80928b',2036,,244,12,,,0
