57019,'104-6564fed809352',1935,,309,8,,,0
57019,'17-6564fed809333',635,,310,8,,,0
57019,'18-6564fed809334',1535,,311,8,,,0
57019,'19-6564fed809335',1635,,312,8,,,0
57019,'20-6564fed809336',1735,,313,8,,,0
57019,'21-6564fed809338',1835,,314,8,,,0
57019,'22-6564fed809339',735,,315,8,,,0
57019,'23-6564fed80933b',835,,316,8,,,0
57019,'25-6564fed80933c',935,,317,8,,,0
57019,'26-6564fed80933d',1035,,318,8,,,0
57019,'27-6564fed80933e',1135,,319,8,,,0
57019,'28-6564fed809340',1235,,320,8,,,0
57019,'29-6564fed809341',1335,,321,8,,,0
57019,'30-6564fed80934e',1435,,322,8,,,0
57019,'67-6564fed80934f',2135,,323,8,,,0
57019,'74-6564fed809350',2035,,324,8,,,0
