50019,'100-6564fed809236',851,,181,15,,,0
50019,'101-6564fed809237',951,,182,15,,,0
50019,'102-6564fed809238',1051,,183,15,,,0
50019,'103-6564fed80923a',1151,,184,15,,,0
50019,'105-6564fed80923b',1251,,185,15,,,0
50019,'106-6564fed80923c',1351,,186,15,,,0
50019,'107-6564fed80923d',1451,,187,15,,,0
50019,'115-6564fed80923f',1951,,188,15,,,0
50019,'13-6564fed809217',1822,,189,15,,,0
50019,'148-6564fed809227',622,,190,15,,,0
50019,'159-6564fed809229',1522,,191,15,,,0
50019,'170-6564fed80922a',1622,,192,15,,,0
50019,'2-6564fed809212',1722,,193,15,,,0
50019,'24-6564fed809219',722,,194,15,,,0
50019,'35-6564fed80921a',822,,195,15,,,0
50019,'46-6564fed80921b',922,,196,15,,,0
50019,'57-6564fed80921d',1022,,197,15,,,0
50019,'68-6564fed80921e',1122,,198,15,,,0
50019,'71-6564fed80922b',2051,,199,15,,,0
50019,'72-6564fed809220',2121,,200,15,,,0
50019,'75-6564fed809221',2021,,201,15,,,0
50019,'79-6564fed809222',1222,,202,15,,,0
50019,'86-6564fed80922d',2151,,203,15,,,0
50019,'89-6564fed809223',1921,,204,15,,,0
50019,'90-6564fed809225',1322,,205,15,,,0
50019,'92-6564fed809226',1422,,206,15,,,0
50019,'94-6564fed80922e',651,,207,15,,,0
50019,'95-6564fed80922f',1551,,208,15,,,0
50019,'96-6564fed809231',1651,,209,15,,,0
50019,'97-6564fed809232',1751,,210,15,,,0
50019,'98-6564fed809233',1851,,211,15,,,0
50019,'99-6564fed809234',751,,212,15,,,0
54019,'153-6564fed8092c0',655,,261,27,,,0
54019,'154-6564fed8092c1',1555,,262,27,,,0
54019,'155-6564fed8092c2',1655,,263,27,,,0
54019,'156-6564fed8092c4',1755,,264,27,,,0
54019,'157-6564fed8092c5',1855,,265,27,,,0
54019,'158-6564fed8092c7',755,,266,27,,,0
54019,'160-6564fed8092c8',855,,267,27,,,0
54019,'161-6564fed8092c9',955,,268,27,,,0
54019,'162-6564fed8092ca',1055,,269,27,,,0
54019,'163-6564fed8092cc',1155,,270,27,,,0
54019,'164-6564fed8092cd',1255,,271,27,,,0
54019,'165-6564fed8092ce',1355,,272,27,,,0
54019,'166-6564fed8092cf',1455,,273,27,,,0
54019,'70-6564fed8092bc',2055,,274,27,,,0
54019,'77-6564fed8092bd',1955,,275,27,,,0
54019,'88-6564fed8092bf',2155,,276,27,,,0
70019,'45-6564fed80924e',841,,341,16,,,0
70019,'47-6564fed80924f',941,,342,16,,,0
70019,'48-6564fed809251',1141,,343,16,,,0
70019,'49-6564fed809252',1241,,344,16,,,0
70019,'50-6564fed809253',1441,,345,16,,,0
70019,'51-6564fed809255',1541,,346,16,,,0
70019,'52-6564fed809256',1641,,347,16,,,0
70019,'53-6564fed809257',1741,,348,16,,,0
70019,'66-6564fed809258',1041,,350,16,,,0
