52019,'123-6564fed80928c',645,,229,25,,,0
52019,'124-6564fed80928e',1545,,230,25,,,0
52019,'125-6564fed80928f',1645,,231,25,,,0
52019,'127-6564fed809290',1745,,232,25,,,0
52019,'128-6564fed809291',1845,,233,25,,,0
52019,'129-6564fed809293',745,,234,25,,,0
52019,'130-6564fed809294',845,,235,25,,,0
52019,'131-6564fed809295',945,,236,25,,,0
52019,'132-6564fed809296',1045,,237,25,,,0
52019,'133-6564fed809297',1145,,238,25,,,0
52019,'134-6564fed809299',1245,,239,25,,,0
52019,'135-6564fed80929a',1345,,240,25,,,0
52019,'136-6564fed80929b',1445,,241,25,,,0
52019,'82-6564fed809288',2145,,242,25,,,0
52019,'84-6564fed80928a',1945,,243,25,,,0
52019,'87-6564fed80928b',2045,,244,25,,,0
