53019,'138-6564fed80929f',622,,245,25,,,0
53019,'139-6564fed8092a0',1522,,246,25,,,0
53019,'140-6564fed8092a1',1622,,247,25,,,0
53019,'141-6564fed8092a3',1722,,248,25,,,0
53019,'142-6564fed8092a4',1822,,249,25,,,0
53019,'143-6564fed8092a5',1922,,250,25,,,0
53019,'144-6564fed8092a7',722,,251,25,,,0
53019,'145-6564fed8092a8',822,,252,25,,,0
53019,'146-6564fed8092a9',922,,253,25,,,0
53019,'147-6564fed8092aa',1022,,254,25,,,0
53019,'149-6564fed8092b7',1122,,255,25,,,0
53019,'150-6564fed8092b8',1222,,256,25,,,0
53019,'151-6564fed8092ba',1322,,257,25,,,0
53019,'152-6564fed8092bb',1422,,258,25,,,0
53019,'69-6564fed80929c',2022,,259,25,,,0
53019,'91-6564fed80929e',2122,,260,25,,,0
