53019,'138-6564fed80929f',559,,245,3,,,0
53019,'139-6564fed8092a0',1459,,246,3,,,0
53019,'140-6564fed8092a1',1559,,247,3,,,0
53019,'141-6564fed8092a3',1659,,248,3,,,0
53019,'142-6564fed8092a4',1759,,249,3,,,0
53019,'143-6564fed8092a5',1859,,250,3,,,0
53019,'144-6564fed8092a7',659,,251,3,,,0
53019,'145-6564fed8092a8',759,,252,3,,,0
53019,'146-6564fed8092a9',859,,253,3,,,0
53019,'147-6564fed8092aa',959,,254,3,,,0
53019,'149-6564fed8092b7',1059,,255,3,,,0
53019,'150-6564fed8092b8',1159,,256,3,,,0
53019,'151-6564fed8092ba',1259,,257,3,,,0
53019,'152-6564fed8092bb',1359,,258,3,,,0
53019,'69-6564fed80929c',1959,,259,3,,,0
53019,'91-6564fed80929e',2059,,260,3,,,0
