53019,'138-6564fed80929f',609,,245,15,,,0
53019,'139-6564fed8092a0',1509,,246,15,,,0
53019,'140-6564fed8092a1',1609,,247,15,,,0
53019,'141-6564fed8092a3',1709,,248,15,,,0
53019,'142-6564fed8092a4',1809,,249,15,,,0
53019,'143-6564fed8092a5',1909,,250,15,,,0
53019,'144-6564fed8092a7',709,,251,15,,,0
53019,'145-6564fed8092a8',809,,252,15,,,0
53019,'146-6564fed8092a9',909,,253,15,,,0
53019,'147-6564fed8092aa',1009,,254,15,,,0
53019,'149-6564fed8092b7',1109,,255,15,,,0
53019,'150-6564fed8092b8',1209,,256,15,,,0
53019,'151-6564fed8092ba',1309,,257,15,,,0
53019,'152-6564fed8092bb',1409,,258,15,,,0
53019,'69-6564fed80929c',2009,,259,15,,,0
53019,'91-6564fed80929e',2109,,260,15,,,0
