50019,'100-6564fed809236',833,,181,6,,,0
50019,'101-6564fed809237',933,,182,6,,,0
50019,'102-6564fed809238',1033,,183,6,,,0
50019,'103-6564fed80923a',1133,,184,6,,,0
50019,'105-6564fed80923b',1233,,185,6,,,0
50019,'106-6564fed80923c',1333,,186,6,,,0
50019,'107-6564fed80923d',1433,,187,6,,,0
50019,'115-6564fed80923f',1933,,188,6,,,0
50019,'13-6564fed809217',1804,,189,6,,,0
50019,'148-6564fed809227',604,,190,6,,,0
50019,'159-6564fed809229',1504,,191,6,,,0
50019,'170-6564fed80922a',1604,,192,6,,,0
50019,'2-6564fed809212',1704,,193,6,,,0
50019,'24-6564fed809219',704,,194,6,,,0
50019,'35-6564fed80921a',804,,195,6,,,0
50019,'46-6564fed80921b',904,,196,6,,,0
50019,'57-6564fed80921d',1004,,197,6,,,0
50019,'68-6564fed80921e',1104,,198,6,,,0
50019,'71-6564fed80922b',2033,,199,6,,,0
50019,'72-6564fed809220',2103,,200,6,,,0
50019,'75-6564fed809221',2003,,201,6,,,0
50019,'79-6564fed809222',1204,,202,6,,,0
50019,'86-6564fed80922d',2133,,203,6,,,0
50019,'89-6564fed809223',1903,,204,6,,,0
50019,'90-6564fed809225',1304,,205,6,,,0
50019,'92-6564fed809226',1404,,206,6,,,0
50019,'94-6564fed80922e',633,,207,6,,,0
50019,'95-6564fed80922f',1533,,208,6,,,0
50019,'96-6564fed809231',1633,,209,6,,,0
50019,'97-6564fed809232',1733,,210,6,,,0
50019,'98-6564fed809233',1833,,211,6,,,0
50019,'99-6564fed809234',733,,212,6,,,0
70019,'45-6564fed80924e',853,,341,22,,,0
70019,'47-6564fed80924f',953,,342,22,,,0
70019,'48-6564fed809251',1153,,343,22,,,0
70019,'49-6564fed809252',1253,,344,22,,,0
70019,'50-6564fed809253',1453,,345,22,,,0
70019,'51-6564fed809255',1553,,346,22,,,0
70019,'52-6564fed809256',1653,,347,22,,,0
70019,'53-6564fed809257',1753,,348,22,,,0
70019,'54-6564fed80925a',753,,349,6,,,0
70019,'66-6564fed809258',1053,,350,22,,,0
