51019,'108-6564fed809269',603,,213,4,,,0
51019,'109-6564fed80926a',1503,,214,4,,,0
51019,'110-6564fed80926b',1603,,215,4,,,0
51019,'111-6564fed80926d',1703,,216,4,,,0
51019,'112-6564fed80926e',1803,,217,4,,,0
51019,'113-6564fed80926f',1903,,218,4,,,0
51019,'114-6564fed809271',703,,219,4,,,0
51019,'116-6564fed809272',803,,220,4,,,0
51019,'117-6564fed809273',903,,221,4,,,0
51019,'118-6564fed809274',1003,,222,4,,,0
51019,'119-6564fed809276',1103,,223,4,,,0
51019,'120-6564fed809283',1203,,224,4,,,0
51019,'121-6564fed809285',1303,,225,4,,,0
51019,'122-6564fed809286',1403,,226,4,,,0
51019,'126-6564fed809287',2103,,227,4,,,0
51019,'76-6564fed809268',2003,,228,4,,,0
