57019,'104-6564fed809352',1934,,309,6,,,0
57019,'17-6564fed809333',634,,310,6,,,0
57019,'18-6564fed809334',1534,,311,6,,,0
57019,'19-6564fed809335',1634,,312,6,,,0
57019,'20-6564fed809336',1734,,313,6,,,0
57019,'21-6564fed809338',1834,,314,6,,,0
57019,'22-6564fed809339',734,,315,6,,,0
57019,'23-6564fed80933b',834,,316,6,,,0
57019,'25-6564fed80933c',934,,317,6,,,0
57019,'26-6564fed80933d',1034,,318,6,,,0
57019,'27-6564fed80933e',1134,,319,6,,,0
57019,'28-6564fed809340',1234,,320,6,,,0
57019,'29-6564fed809341',1334,,321,6,,,0
57019,'30-6564fed80934e',1434,,322,6,,,0
57019,'67-6564fed80934f',2134,,323,6,,,0
57019,'74-6564fed809350',2034,,324,6,,,0
