50019,'100-6564fed809236',834,,181,8,,,0
50019,'101-6564fed809237',934,,182,8,,,0
50019,'102-6564fed809238',1034,,183,8,,,0
50019,'103-6564fed80923a',1134,,184,8,,,0
50019,'105-6564fed80923b',1234,,185,8,,,0
50019,'106-6564fed80923c',1334,,186,8,,,0
50019,'107-6564fed80923d',1434,,187,8,,,0
50019,'115-6564fed80923f',1934,,188,8,,,0
50019,'13-6564fed809217',1805,,189,8,,,0
50019,'148-6564fed809227',605,,190,8,,,0
50019,'159-6564fed809229',1505,,191,8,,,0
50019,'170-6564fed80922a',1605,,192,8,,,0
50019,'2-6564fed809212',1705,,193,8,,,0
50019,'24-6564fed809219',705,,194,8,,,0
50019,'35-6564fed80921a',805,,195,8,,,0
50019,'46-6564fed80921b',905,,196,8,,,0
50019,'57-6564fed80921d',1005,,197,8,,,0
50019,'68-6564fed80921e',1105,,198,8,,,0
50019,'71-6564fed80922b',2034,,199,8,,,0
50019,'72-6564fed809220',2104,,200,8,,,0
50019,'75-6564fed809221',2004,,201,8,,,0
50019,'79-6564fed809222',1205,,202,8,,,0
50019,'86-6564fed80922d',2134,,203,8,,,0
50019,'89-6564fed809223',1904,,204,8,,,0
50019,'90-6564fed809225',1305,,205,8,,,0
50019,'92-6564fed809226',1405,,206,8,,,0
50019,'94-6564fed80922e',634,,207,8,,,0
50019,'95-6564fed80922f',1534,,208,8,,,0
50019,'96-6564fed809231',1634,,209,8,,,0
50019,'97-6564fed809232',1734,,210,8,,,0
50019,'98-6564fed809233',1834,,211,8,,,0
50019,'99-6564fed809234',734,,212,8,,,0
54019,'153-6564fed8092c0',633,,261,13,,,0
54019,'154-6564fed8092c1',1533,,262,13,,,0
54019,'155-6564fed8092c2',1633,,263,13,,,0
54019,'156-6564fed8092c4',1733,,264,13,,,0
54019,'157-6564fed8092c5',1833,,265,13,,,0
54019,'158-6564fed8092c7',733,,266,13,,,0
54019,'160-6564fed8092c8',833,,267,13,,,0
54019,'161-6564fed8092c9',933,,268,13,,,0
54019,'162-6564fed8092ca',1033,,269,13,,,0
54019,'163-6564fed8092cc',1133,,270,13,,,0
54019,'164-6564fed8092cd',1233,,271,13,,,0
54019,'165-6564fed8092ce',1333,,272,13,,,0
54019,'166-6564fed8092cf',1433,,273,13,,,0
54019,'70-6564fed8092bc',2033,,274,13,,,0
54019,'77-6564fed8092bd',1933,,275,13,,,0
54019,'88-6564fed8092bf',2133,,276,13,,,0
57019,'104-6564fed809352',1953,,309,21,,,0
57019,'17-6564fed809333',653,,310,21,,,0
57019,'18-6564fed809334',1553,,311,21,,,0
57019,'19-6564fed809335',1653,,312,21,,,0
57019,'20-6564fed809336',1753,,313,21,,,0
57019,'21-6564fed809338',1853,,314,21,,,0
57019,'22-6564fed809339',753,,315,21,,,0
57019,'23-6564fed80933b',853,,316,21,,,0
57019,'25-6564fed80933c',953,,317,21,,,0
57019,'26-6564fed80933d',1053,,318,21,,,0
57019,'27-6564fed80933e',1153,,319,21,,,0
57019,'28-6564fed809340',1253,,320,21,,,0
57019,'29-6564fed809341',1353,,321,21,,,0
57019,'30-6564fed80934e',1453,,322,21,,,0
57019,'67-6564fed80934f',2153,,323,21,,,0
57019,'74-6564fed809350',2053,,324,21,,,0
70019,'45-6564fed80924e',854,,341,24,,,0
70019,'47-6564fed80924f',954,,342,24,,,0
70019,'48-6564fed809251',1154,,343,24,,,0
70019,'49-6564fed809252',1254,,344,24,,,0
70019,'50-6564fed809253',1454,,345,24,,,0
70019,'51-6564fed809255',1554,,346,24,,,0
70019,'52-6564fed809256',1654,,347,24,,,0
70019,'53-6564fed809257',1754,,348,24,,,0
70019,'54-6564fed80925a',754,,349,8,,,0
70019,'66-6564fed809258',1054,,350,24,,,0
