55019,'137-6564fed8092d3',2155,,277,19,,,0
55019,'167-6564fed8092da',630,,278,43,,,0
55019,'168-6564fed8092df',1553,,279,19,,,0
55019,'169-6564fed809316',1653,,280,19,,,0
55019,'171-6564fed80931a',1753,,281,19,,,0
55019,'172-6564fed8092d5',1855,,282,19,,,0
55019,'173-6564fed8092db',730,,283,43,,,0
55019,'174-6564fed8092dc',830,,284,43,,,0
55019,'175-6564fed8092dd',930,,285,43,,,0
55019,'176-6564fed8092d6',1025,,286,19,,,0
55019,'177-6564fed8092d7',1125,,287,19,,,0
55019,'178-6564fed80931c',1225,,288,19,,,0
55019,'179-6564fed8092d8',1325,,289,19,,,0
55019,'180-6564fed80931b',1423,,290,19,,,0
55019,'73-6564fed8092d1',1955,,291,19,,,0
55019,'81-6564fed8092d2',2055,,292,19,,,0
