53019,'138-6564fed80929f',607,,245,13,,,0
53019,'139-6564fed8092a0',1507,,246,13,,,0
53019,'140-6564fed8092a1',1607,,247,13,,,0
53019,'141-6564fed8092a3',1707,,248,13,,,0
53019,'142-6564fed8092a4',1807,,249,13,,,0
53019,'143-6564fed8092a5',1907,,250,13,,,0
53019,'144-6564fed8092a7',707,,251,13,,,0
53019,'145-6564fed8092a8',807,,252,13,,,0
53019,'146-6564fed8092a9',907,,253,13,,,0
53019,'147-6564fed8092aa',1007,,254,13,,,0
53019,'149-6564fed8092b7',1107,,255,13,,,0
53019,'150-6564fed8092b8',1207,,256,13,,,0
53019,'151-6564fed8092ba',1307,,257,13,,,0
53019,'152-6564fed8092bb',1407,,258,13,,,0
53019,'69-6564fed80929c',2007,,259,13,,,0
53019,'91-6564fed80929e',2107,,260,13,,,0
