57019,'104-6564fed809352',1956,,309,25,,,0
57019,'17-6564fed809333',656,,310,25,,,0
57019,'18-6564fed809334',1556,,311,25,,,0
57019,'19-6564fed809335',1656,,312,25,,,0
57019,'20-6564fed809336',1756,,313,25,,,0
57019,'21-6564fed809338',1856,,314,25,,,0
57019,'22-6564fed809339',756,,315,25,,,0
57019,'23-6564fed80933b',856,,316,25,,,0
57019,'25-6564fed80933c',956,,317,25,,,0
57019,'26-6564fed80933d',1056,,318,25,,,0
57019,'27-6564fed80933e',1156,,319,25,,,0
57019,'28-6564fed809340',1256,,320,25,,,0
57019,'29-6564fed809341',1356,,321,25,,,0
57019,'30-6564fed80934e',1456,,322,25,,,0
57019,'67-6564fed80934f',2156,,323,25,,,0
57019,'74-6564fed809350',2056,,324,25,,,0
71019,'55-6564fed80925b',805,,351,3,,,0
71019,'56-6564fed80925c',1805,,352,3,,,0
71019,'58-6564fed80925e',905,,353,3,,,0
71019,'59-6564fed80925f',1005,,354,3,,,0
71019,'60-6564fed809260',1105,,355,3,,,0
71019,'61-6564fed809261',1205,,356,3,,,0
71019,'62-6564fed809263',1305,,357,3,,,0
71019,'63-6564fed809264',1505,,358,3,,,0
71019,'64-6564fed809265',1605,,359,3,,,0
71019,'65-6564fed809266',1705,,360,3,,,0
