56019,'10-6564fed809327',921,,293,17,,,0
56019,'11-6564fed809328',1021,,294,17,,,0
56019,'12-6564fed809329',1121,,295,17,,,0
56019,'14-6564fed80932b',1221,,296,17,,,0
56019,'15-6564fed80932c',1321,,297,17,,,0
56019,'16-6564fed80932d',1421,,298,17,,,0
56019,'3-6564fed80931e',621,,299,17,,,0
56019,'4-6564fed80931f',1521,,300,17,,,0
56019,'5-6564fed809320',1621,,301,17,,,0
56019,'6-6564fed809322',1721,,302,17,,,0
56019,'7-6564fed809323',1821,,303,17,,,0
56019,'78-6564fed80932f',1921,,304,17,,,0
56019,'8-6564fed809324',721,,305,17,,,0
56019,'80-6564fed809330',2121,,306,17,,,0
56019,'9-6564fed809325',821,,307,17,,,0
56019,'93-6564fed809331',2021,,308,17,,,0
