54019,'153-6564fed8092c0',631,,261,9,,,0
54019,'154-6564fed8092c1',1531,,262,9,,,0
54019,'155-6564fed8092c2',1631,,263,9,,,0
54019,'156-6564fed8092c4',1731,,264,9,,,0
54019,'157-6564fed8092c5',1831,,265,9,,,0
54019,'158-6564fed8092c7',731,,266,9,,,0
54019,'160-6564fed8092c8',831,,267,9,,,0
54019,'161-6564fed8092c9',931,,268,9,,,0
54019,'162-6564fed8092ca',1031,,269,9,,,0
54019,'163-6564fed8092cc',1131,,270,9,,,0
54019,'164-6564fed8092cd',1231,,271,9,,,0
54019,'165-6564fed8092ce',1331,,272,9,,,0
54019,'166-6564fed8092cf',1431,,273,9,,,0
54019,'70-6564fed8092bc',2031,,274,9,,,0
54019,'77-6564fed8092bd',1931,,275,9,,,0
54019,'88-6564fed8092bf',2131,,276,9,,,0
60019,'1-6564fed809353',2031,,325,17,,,0
60019,'31-6564fed809354',701,,326,17,,,0
60019,'32-6564fed809355',1531,,327,17,,,0
60019,'33-6564fed809357',1631,,328,17,,,0
60019,'34-6564fed809358',1731,,329,17,,,0
60019,'36-6564fed809359',1831,,330,17,,,0
60019,'37-6564fed80935b',801,,331,17,,,0
60019,'38-6564fed80935c',901,,332,17,,,0
60019,'39-6564fed80935d',1001,,333,17,,,0
60019,'40-6564fed80935e',1101,,334,17,,,0
60019,'41-6564fed809360',1201,,335,17,,,0
60019,'42-6564fed809361',1301,,336,17,,,0
60019,'43-6564fed809362',1401,,337,17,,,0
60019,'44-6564fed809363',1501,,338,17,,,0
60019,'83-6564fed809365',2131,,339,17,,,0
60019,'85-6564fed809366',1931,,340,17,,,0
