50019,'100-6564fed809236',849,,181,14,,,0
50019,'101-6564fed809237',949,,182,14,,,0
50019,'102-6564fed809238',1049,,183,14,,,0
50019,'103-6564fed80923a',1149,,184,14,,,0
50019,'105-6564fed80923b',1249,,185,14,,,0
50019,'106-6564fed80923c',1349,,186,14,,,0
50019,'107-6564fed80923d',1449,,187,14,,,0
50019,'115-6564fed80923f',1949,,188,14,,,0
50019,'13-6564fed809217',1820,,189,14,,,0
50019,'148-6564fed809227',620,,190,14,,,0
50019,'159-6564fed809229',1520,,191,14,,,0
50019,'170-6564fed80922a',1620,,192,14,,,0
50019,'2-6564fed809212',1720,,193,14,,,0
50019,'24-6564fed809219',720,,194,14,,,0
50019,'35-6564fed80921a',820,,195,14,,,0
50019,'46-6564fed80921b',920,,196,14,,,0
50019,'57-6564fed80921d',1020,,197,14,,,0
50019,'68-6564fed80921e',1120,,198,14,,,0
50019,'71-6564fed80922b',2049,,199,14,,,0
50019,'72-6564fed809220',2119,,200,14,,,0
50019,'75-6564fed809221',2019,,201,14,,,0
50019,'79-6564fed809222',1220,,202,14,,,0
50019,'86-6564fed80922d',2149,,203,14,,,0
50019,'89-6564fed809223',1919,,204,14,,,0
50019,'90-6564fed809225',1320,,205,14,,,0
50019,'92-6564fed809226',1420,,206,14,,,0
50019,'94-6564fed80922e',649,,207,14,,,0
50019,'95-6564fed80922f',1549,,208,14,,,0
50019,'96-6564fed809231',1649,,209,14,,,0
50019,'97-6564fed809232',1749,,210,14,,,0
50019,'98-6564fed809233',1849,,211,14,,,0
50019,'99-6564fed809234',749,,212,14,,,0
70019,'45-6564fed80924e',839,,341,15,,,0
70019,'47-6564fed80924f',939,,342,15,,,0
70019,'48-6564fed809251',1139,,343,15,,,0
70019,'49-6564fed809252',1239,,344,15,,,0
70019,'50-6564fed809253',1439,,345,15,,,0
70019,'51-6564fed809255',1539,,346,15,,,0
70019,'52-6564fed809256',1639,,347,15,,,0
70019,'53-6564fed809257',1739,,348,15,,,0
70019,'66-6564fed809258',1039,,350,15,,,0
