52019,'123-6564fed80928c',652,,229,29,,,0
52019,'124-6564fed80928e',1552,,230,29,,,0
52019,'125-6564fed80928f',1652,,231,29,,,0
52019,'127-6564fed809290',1752,,232,29,,,0
52019,'128-6564fed809291',1852,,233,29,,,0
52019,'129-6564fed809293',752,,234,29,,,0
52019,'130-6564fed809294',852,,235,29,,,0
52019,'131-6564fed809295',952,,236,29,,,0
52019,'132-6564fed809296',1052,,237,29,,,0
52019,'133-6564fed809297',1152,,238,29,,,0
52019,'134-6564fed809299',1252,,239,29,,,0
52019,'135-6564fed80929a',1352,,240,29,,,0
52019,'136-6564fed80929b',1452,,241,29,,,0
52019,'82-6564fed809288',2152,,242,29,,,0
52019,'84-6564fed80928a',1952,,243,29,,,0
52019,'87-6564fed80928b',2052,,244,29,,,0
