53019,'138-6564fed80929f',605,,245,11,,,0
53019,'139-6564fed8092a0',1505,,246,11,,,0
53019,'140-6564fed8092a1',1605,,247,11,,,0
53019,'141-6564fed8092a3',1705,,248,11,,,0
53019,'142-6564fed8092a4',1805,,249,11,,,0
53019,'143-6564fed8092a5',1905,,250,11,,,0
53019,'144-6564fed8092a7',705,,251,11,,,0
53019,'145-6564fed8092a8',805,,252,11,,,0
53019,'146-6564fed8092a9',905,,253,11,,,0
53019,'147-6564fed8092aa',1005,,254,11,,,0
53019,'149-6564fed8092b7',1105,,255,11,,,0
53019,'150-6564fed8092b8',1205,,256,11,,,0
53019,'151-6564fed8092ba',1305,,257,11,,,0
53019,'152-6564fed8092bb',1405,,258,11,,,0
53019,'69-6564fed80929c',2005,,259,11,,,0
53019,'91-6564fed80929e',2105,,260,11,,,0
