53019,'138-6564fed80929f',620,,245,23,,,0
53019,'139-6564fed8092a0',1520,,246,23,,,0
53019,'140-6564fed8092a1',1620,,247,23,,,0
53019,'141-6564fed8092a3',1720,,248,23,,,0
53019,'142-6564fed8092a4',1820,,249,23,,,0
53019,'143-6564fed8092a5',1920,,250,23,,,0
53019,'144-6564fed8092a7',720,,251,23,,,0
53019,'145-6564fed8092a8',820,,252,23,,,0
53019,'146-6564fed8092a9',920,,253,23,,,0
53019,'147-6564fed8092aa',1020,,254,23,,,0
53019,'149-6564fed8092b7',1120,,255,23,,,0
53019,'150-6564fed8092b8',1220,,256,23,,,0
53019,'151-6564fed8092ba',1320,,257,23,,,0
53019,'152-6564fed8092bb',1420,,258,23,,,0
53019,'69-6564fed80929c',2020,,259,23,,,0
53019,'91-6564fed80929e',2120,,260,23,,,0
