57019,'104-6564fed809352',1936,,309,9,,,0
57019,'17-6564fed809333',636,,310,9,,,0
57019,'18-6564fed809334',1536,,311,9,,,0
57019,'19-6564fed809335',1636,,312,9,,,0
57019,'20-6564fed809336',1736,,313,9,,,0
57019,'21-6564fed809338',1836,,314,9,,,0
57019,'22-6564fed809339',736,,315,9,,,0
57019,'23-6564fed80933b',836,,316,9,,,0
57019,'25-6564fed80933c',936,,317,9,,,0
57019,'26-6564fed80933d',1036,,318,9,,,0
57019,'27-6564fed80933e',1136,,319,9,,,0
57019,'28-6564fed809340',1236,,320,9,,,0
57019,'29-6564fed809341',1336,,321,9,,,0
57019,'30-6564fed80934e',1436,,322,9,,,0
57019,'67-6564fed80934f',2136,,323,9,,,0
57019,'74-6564fed809350',2036,,324,9,,,0
