54019,'153-6564fed8092c0',653,,261,26,,,0
54019,'154-6564fed8092c1',1553,,262,26,,,0
54019,'155-6564fed8092c2',1653,,263,26,,,0
54019,'156-6564fed8092c4',1753,,264,26,,,0
54019,'157-6564fed8092c5',1853,,265,26,,,0
54019,'158-6564fed8092c7',753,,266,26,,,0
54019,'160-6564fed8092c8',853,,267,26,,,0
54019,'161-6564fed8092c9',953,,268,26,,,0
54019,'162-6564fed8092ca',1053,,269,26,,,0
54019,'163-6564fed8092cc',1153,,270,26,,,0
54019,'164-6564fed8092cd',1253,,271,26,,,0
54019,'165-6564fed8092ce',1353,,272,26,,,0
54019,'166-6564fed8092cf',1453,,273,26,,,0
54019,'70-6564fed8092bc',2053,,274,26,,,0
54019,'77-6564fed8092bd',1953,,275,26,,,0
54019,'88-6564fed8092bf',2153,,276,26,,,0
