55019,'137-6564fed8092d3',2157,,277,21,,,0
55019,'167-6564fed8092da',633,,278,45,,,0
55019,'168-6564fed8092df',1554,,279,21,,,0
55019,'169-6564fed809316',1654,,280,21,,,0
55019,'171-6564fed80931a',1754,,281,21,,,0
55019,'172-6564fed8092d5',1857,,282,21,,,0
55019,'173-6564fed8092db',733,,283,45,,,0
55019,'174-6564fed8092dc',833,,284,45,,,0
55019,'175-6564fed8092dd',933,,285,45,,,0
55019,'176-6564fed8092d6',1027,,286,21,,,0
55019,'177-6564fed8092d7',1127,,287,21,,,0
55019,'178-6564fed80931c',1226,,288,21,,,0
55019,'179-6564fed8092d8',1327,,289,21,,,0
55019,'180-6564fed80931b',1424,,290,21,,,0
55019,'73-6564fed8092d1',1957,,291,21,,,0
55019,'81-6564fed8092d2',2057,,292,21,,,0
