53019,'138-6564fed80929f',608,,245,14,,,0
53019,'139-6564fed8092a0',1508,,246,14,,,0
53019,'140-6564fed8092a1',1608,,247,14,,,0
53019,'141-6564fed8092a3',1708,,248,14,,,0
53019,'142-6564fed8092a4',1808,,249,14,,,0
53019,'143-6564fed8092a5',1908,,250,14,,,0
53019,'144-6564fed8092a7',708,,251,14,,,0
53019,'145-6564fed8092a8',808,,252,14,,,0
53019,'146-6564fed8092a9',908,,253,14,,,0
53019,'147-6564fed8092aa',1008,,254,14,,,0
53019,'149-6564fed8092b7',1108,,255,14,,,0
53019,'150-6564fed8092b8',1208,,256,14,,,0
53019,'151-6564fed8092ba',1308,,257,14,,,0
53019,'152-6564fed8092bb',1408,,258,14,,,0
53019,'69-6564fed80929c',2008,,259,14,,,0
53019,'91-6564fed80929e',2108,,260,14,,,0
