52019,'123-6564fed80928c',644,,229,24,,,0
52019,'124-6564fed80928e',1544,,230,24,,,0
52019,'125-6564fed80928f',1644,,231,24,,,0
52019,'127-6564fed809290',1744,,232,24,,,0
52019,'128-6564fed809291',1844,,233,24,,,0
52019,'129-6564fed809293',744,,234,24,,,0
52019,'130-6564fed809294',844,,235,24,,,0
52019,'131-6564fed809295',944,,236,24,,,0
52019,'132-6564fed809296',1044,,237,24,,,0
52019,'133-6564fed809297',1144,,238,24,,,0
52019,'134-6564fed809299',1244,,239,24,,,0
52019,'135-6564fed80929a',1344,,240,24,,,0
52019,'136-6564fed80929b',1444,,241,24,,,0
52019,'82-6564fed809288',2144,,242,24,,,0
52019,'84-6564fed80928a',1944,,243,24,,,0
52019,'87-6564fed80928b',2044,,244,24,,,0
