51019,'108-6564fed809269',600,,213,2,,,0
51019,'109-6564fed80926a',1500,,214,2,,,0
51019,'110-6564fed80926b',1600,,215,2,,,0
51019,'111-6564fed80926d',1700,,216,2,,,0
51019,'112-6564fed80926e',1800,,217,2,,,0
51019,'113-6564fed80926f',1900,,218,2,,,0
51019,'114-6564fed809271',700,,219,2,,,0
51019,'116-6564fed809272',800,,220,2,,,0
51019,'117-6564fed809273',900,,221,2,,,0
51019,'118-6564fed809274',1000,,222,2,,,0
51019,'119-6564fed809276',1100,,223,2,,,0
51019,'120-6564fed809283',1200,,224,2,,,0
51019,'121-6564fed809285',1300,,225,2,,,0
51019,'122-6564fed809286',1400,,226,2,,,0
51019,'126-6564fed809287',2100,,227,2,,,0
51019,'76-6564fed809268',2000,,228,2,,,0
53019,'138-6564fed80929f',555,,245,2,,,0
53019,'139-6564fed8092a0',1455,,246,2,,,0
53019,'140-6564fed8092a1',1555,,247,2,,,0
53019,'141-6564fed8092a3',1655,,248,2,,,0
53019,'142-6564fed8092a4',1755,,249,2,,,0
53019,'143-6564fed8092a5',1855,,250,2,,,0
53019,'144-6564fed8092a7',655,,251,2,,,0
53019,'145-6564fed8092a8',755,,252,2,,,0
53019,'146-6564fed8092a9',855,,253,2,,,0
53019,'147-6564fed8092aa',955,,254,2,,,0
53019,'149-6564fed8092b7',1055,,255,2,,,0
53019,'150-6564fed8092b8',1155,,256,2,,,0
53019,'151-6564fed8092ba',1255,,257,2,,,0
53019,'152-6564fed8092bb',1355,,258,2,,,0
53019,'69-6564fed80929c',1955,,259,2,,,0
53019,'91-6564fed80929e',2055,,260,2,,,0
