54019,'153-6564fed8092c0',627,,261,3,,,0
54019,'154-6564fed8092c1',1527,,262,3,,,0
54019,'155-6564fed8092c2',1627,,263,3,,,0
54019,'156-6564fed8092c4',1727,,264,3,,,0
54019,'157-6564fed8092c5',1827,,265,3,,,0
54019,'158-6564fed8092c7',727,,266,3,,,0
54019,'160-6564fed8092c8',827,,267,3,,,0
54019,'161-6564fed8092c9',927,,268,3,,,0
54019,'162-6564fed8092ca',1027,,269,3,,,0
54019,'163-6564fed8092cc',1127,,270,3,,,0
54019,'164-6564fed8092cd',1227,,271,3,,,0
54019,'165-6564fed8092ce',1327,,272,3,,,0
54019,'166-6564fed8092cf',1427,,273,3,,,0
54019,'70-6564fed8092bc',2027,,274,3,,,0
54019,'77-6564fed8092bd',1927,,275,3,,,0
54019,'88-6564fed8092bf',2127,,276,3,,,0
