56019,'10-6564fed809327',924,,293,20,,,0
56019,'11-6564fed809328',1024,,294,20,,,0
56019,'12-6564fed809329',1124,,295,20,,,0
56019,'14-6564fed80932b',1224,,296,20,,,0
56019,'15-6564fed80932c',1324,,297,20,,,0
56019,'16-6564fed80932d',1424,,298,20,,,0
56019,'3-6564fed80931e',624,,299,20,,,0
56019,'4-6564fed80931f',1524,,300,20,,,0
56019,'5-6564fed809320',1624,,301,20,,,0
56019,'6-6564fed809322',1724,,302,20,,,0
56019,'7-6564fed809323',1824,,303,20,,,0
56019,'78-6564fed80932f',1924,,304,20,,,0
56019,'8-6564fed809324',724,,305,20,,,0
56019,'80-6564fed809330',2124,,306,20,,,0
56019,'9-6564fed809325',824,,307,20,,,0
56019,'93-6564fed809331',2024,,308,20,,,0
