52019,'123-6564fed80928c',635,,229,11,,,0
52019,'124-6564fed80928e',1535,,230,11,,,0
52019,'125-6564fed80928f',1635,,231,11,,,0
52019,'127-6564fed809290',1735,,232,11,,,0
52019,'128-6564fed809291',1835,,233,11,,,0
52019,'129-6564fed809293',735,,234,11,,,0
52019,'130-6564fed809294',835,,235,11,,,0
52019,'131-6564fed809295',935,,236,11,,,0
52019,'132-6564fed809296',1035,,237,11,,,0
52019,'133-6564fed809297',1135,,238,11,,,0
52019,'134-6564fed809299',1235,,239,11,,,0
52019,'135-6564fed80929a',1335,,240,11,,,0
52019,'136-6564fed80929b',1435,,241,11,,,0
52019,'82-6564fed809288',2135,,242,11,,,0
52019,'84-6564fed80928a',1935,,243,11,,,0
52019,'87-6564fed80928b',2035,,244,11,,,0
