51019,'108-6564fed809269',610,,213,12,,,0
51019,'109-6564fed80926a',1510,,214,12,,,0
51019,'110-6564fed80926b',1610,,215,12,,,0
51019,'111-6564fed80926d',1710,,216,12,,,0
51019,'112-6564fed80926e',1810,,217,12,,,0
51019,'113-6564fed80926f',1910,,218,12,,,0
51019,'114-6564fed809271',710,,219,12,,,0
51019,'116-6564fed809272',810,,220,12,,,0
51019,'117-6564fed809273',910,,221,12,,,0
51019,'118-6564fed809274',1010,,222,12,,,0
51019,'119-6564fed809276',1110,,223,12,,,0
51019,'120-6564fed809283',1210,,224,12,,,0
51019,'121-6564fed809285',1310,,225,12,,,0
51019,'122-6564fed809286',1410,,226,12,,,0
51019,'126-6564fed809287',2110,,227,12,,,0
51019,'76-6564fed809268',2010,,228,12,,,0
