60019,'1-6564fed809353',2032,,325,19,,,0
60019,'31-6564fed809354',702,,326,19,,,0
60019,'32-6564fed809355',1532,,327,19,,,0
60019,'33-6564fed809357',1632,,328,19,,,0
60019,'34-6564fed809358',1732,,329,19,,,0
60019,'36-6564fed809359',1832,,330,19,,,0
60019,'37-6564fed80935b',802,,331,19,,,0
60019,'38-6564fed80935c',902,,332,19,,,0
60019,'39-6564fed80935d',1002,,333,19,,,0
60019,'40-6564fed80935e',1102,,334,19,,,0
60019,'41-6564fed809360',1202,,335,19,,,0
60019,'42-6564fed809361',1302,,336,19,,,0
60019,'43-6564fed809362',1402,,337,19,,,0
60019,'44-6564fed809363',1502,,338,19,,,0
60019,'83-6564fed809365',2132,,339,19,,,0
60019,'85-6564fed809366',1932,,340,19,,,0
