57019,'104-6564fed809352',1954,,309,22,,,0
57019,'17-6564fed809333',654,,310,22,,,0
57019,'18-6564fed809334',1554,,311,22,,,0
57019,'19-6564fed809335',1654,,312,22,,,0
57019,'20-6564fed809336',1754,,313,22,,,0
57019,'21-6564fed809338',1854,,314,22,,,0
57019,'22-6564fed809339',754,,315,22,,,0
57019,'23-6564fed80933b',854,,316,22,,,0
57019,'25-6564fed80933c',954,,317,22,,,0
57019,'26-6564fed80933d',1054,,318,22,,,0
57019,'27-6564fed80933e',1154,,319,22,,,0
57019,'28-6564fed809340',1254,,320,22,,,0
57019,'29-6564fed809341',1354,,321,22,,,0
57019,'30-6564fed80934e',1454,,322,22,,,0
57019,'67-6564fed80934f',2154,,323,22,,,0
57019,'74-6564fed809350',2054,,324,22,,,0
