50019,'100-6564fed809236',848,,181,13,,,0
50019,'101-6564fed809237',948,,182,13,,,0
50019,'102-6564fed809238',1048,,183,13,,,0
50019,'103-6564fed80923a',1148,,184,13,,,0
50019,'105-6564fed80923b',1248,,185,13,,,0
50019,'106-6564fed80923c',1348,,186,13,,,0
50019,'107-6564fed80923d',1448,,187,13,,,0
50019,'115-6564fed80923f',1948,,188,13,,,0
50019,'13-6564fed809217',1819,,189,13,,,0
50019,'148-6564fed809227',619,,190,13,,,0
50019,'159-6564fed809229',1519,,191,13,,,0
50019,'170-6564fed80922a',1619,,192,13,,,0
50019,'2-6564fed809212',1719,,193,13,,,0
50019,'24-6564fed809219',719,,194,13,,,0
50019,'35-6564fed80921a',819,,195,13,,,0
50019,'46-6564fed80921b',919,,196,13,,,0
50019,'57-6564fed80921d',1019,,197,13,,,0
50019,'68-6564fed80921e',1119,,198,13,,,0
50019,'71-6564fed80922b',2048,,199,13,,,0
50019,'72-6564fed809220',2118,,200,13,,,0
50019,'75-6564fed809221',2018,,201,13,,,0
50019,'79-6564fed809222',1219,,202,13,,,0
50019,'86-6564fed80922d',2148,,203,13,,,0
50019,'89-6564fed809223',1918,,204,13,,,0
50019,'90-6564fed809225',1319,,205,13,,,0
50019,'92-6564fed809226',1419,,206,13,,,0
50019,'94-6564fed80922e',648,,207,13,,,0
50019,'95-6564fed80922f',1548,,208,13,,,0
50019,'96-6564fed809231',1648,,209,13,,,0
50019,'97-6564fed809232',1748,,210,13,,,0
50019,'98-6564fed809233',1848,,211,13,,,0
50019,'99-6564fed809234',748,,212,13,,,0
