52019,'123-6564fed80928c',633,,229,8,,,0
52019,'124-6564fed80928e',1533,,230,8,,,0
52019,'125-6564fed80928f',1633,,231,8,,,0
52019,'127-6564fed809290',1733,,232,8,,,0
52019,'128-6564fed809291',1833,,233,8,,,0
52019,'129-6564fed809293',733,,234,8,,,0
52019,'130-6564fed809294',833,,235,8,,,0
52019,'131-6564fed809295',933,,236,8,,,0
52019,'132-6564fed809296',1033,,237,8,,,0
52019,'133-6564fed809297',1133,,238,8,,,0
52019,'134-6564fed809299',1233,,239,8,,,0
52019,'135-6564fed80929a',1333,,240,8,,,0
52019,'136-6564fed80929b',1433,,241,8,,,0
52019,'82-6564fed809288',2133,,242,8,,,0
52019,'84-6564fed80928a',1933,,243,8,,,0
52019,'87-6564fed80928b',2033,,244,8,,,0
