56019,'10-6564fed809327',912,,293,4,,,0
56019,'11-6564fed809328',1012,,294,4,,,0
56019,'12-6564fed809329',1112,,295,4,,,0
56019,'14-6564fed80932b',1212,,296,4,,,0
56019,'15-6564fed80932c',1312,,297,4,,,0
56019,'16-6564fed80932d',1412,,298,4,,,0
56019,'3-6564fed80931e',612,,299,4,,,0
56019,'4-6564fed80931f',1512,,300,4,,,0
56019,'5-6564fed809320',1612,,301,4,,,0
56019,'6-6564fed809322',1712,,302,4,,,0
56019,'7-6564fed809323',1812,,303,4,,,0
56019,'78-6564fed80932f',1912,,304,4,,,0
56019,'8-6564fed809324',712,,305,4,,,0
56019,'80-6564fed809330',2112,,306,4,,,0
56019,'9-6564fed809325',812,,307,4,,,0
56019,'93-6564fed809331',2012,,308,4,,,0
