51019,'108-6564fed809269',607,,213,9,,,0
51019,'109-6564fed80926a',1507,,214,9,,,0
51019,'110-6564fed80926b',1607,,215,9,,,0
51019,'111-6564fed80926d',1707,,216,9,,,0
51019,'112-6564fed80926e',1807,,217,9,,,0
51019,'113-6564fed80926f',1907,,218,9,,,0
51019,'114-6564fed809271',707,,219,9,,,0
51019,'116-6564fed809272',807,,220,9,,,0
51019,'117-6564fed809273',907,,221,9,,,0
51019,'118-6564fed809274',1007,,222,9,,,0
51019,'119-6564fed809276',1107,,223,9,,,0
51019,'120-6564fed809283',1207,,224,9,,,0
51019,'121-6564fed809285',1307,,225,9,,,0
51019,'122-6564fed809286',1407,,226,9,,,0
51019,'126-6564fed809287',2107,,227,9,,,0
51019,'76-6564fed809268',2007,,228,9,,,0
