52019,'123-6564fed80928c',627,,229,5,,,0
52019,'124-6564fed80928e',1527,,230,5,,,0
52019,'125-6564fed80928f',1627,,231,5,,,0
52019,'127-6564fed809290',1727,,232,5,,,0
52019,'128-6564fed809291',1827,,233,5,,,0
52019,'129-6564fed809293',727,,234,5,,,0
52019,'130-6564fed809294',827,,235,5,,,0
52019,'131-6564fed809295',927,,236,5,,,0
52019,'132-6564fed809296',1027,,237,5,,,0
52019,'133-6564fed809297',1127,,238,5,,,0
52019,'134-6564fed809299',1227,,239,5,,,0
52019,'135-6564fed80929a',1327,,240,5,,,0
52019,'136-6564fed80929b',1427,,241,5,,,0
52019,'82-6564fed809288',2127,,242,5,,,0
52019,'84-6564fed80928a',1927,,243,5,,,0
52019,'87-6564fed80928b',2027,,244,5,,,0
