55019,'137-6564fed8092d3',2151,,277,11,,,0
55019,'167-6564fed8092da',624,,278,35,,,0
55019,'168-6564fed8092df',1548,,279,11,,,0
55019,'169-6564fed809316',1648,,280,11,,,0
55019,'171-6564fed80931a',1748,,281,11,,,0
55019,'172-6564fed8092d5',1851,,282,11,,,0
55019,'173-6564fed8092db',724,,283,35,,,0
55019,'174-6564fed8092dc',824,,284,35,,,0
55019,'175-6564fed8092dd',924,,285,35,,,0
55019,'176-6564fed8092d6',1021,,286,11,,,0
55019,'177-6564fed8092d7',1121,,287,11,,,0
55019,'178-6564fed80931c',1221,,288,11,,,0
55019,'179-6564fed8092d8',1321,,289,11,,,0
55019,'180-6564fed80931b',1418,,290,11,,,0
55019,'73-6564fed8092d1',1951,,291,11,,,0
55019,'81-6564fed8092d2',2051,,292,11,,,0
