50019,'100-6564fed809236',832,,181,4,,,0
50019,'101-6564fed809237',932,,182,4,,,0
50019,'102-6564fed809238',1032,,183,4,,,0
50019,'103-6564fed80923a',1132,,184,4,,,0
50019,'105-6564fed80923b',1232,,185,4,,,0
50019,'106-6564fed80923c',1332,,186,4,,,0
50019,'107-6564fed80923d',1432,,187,4,,,0
50019,'115-6564fed80923f',1932,,188,4,,,0
50019,'13-6564fed809217',1803,,189,4,,,0
50019,'148-6564fed809227',603,,190,4,,,0
50019,'159-6564fed809229',1503,,191,4,,,0
50019,'170-6564fed80922a',1603,,192,4,,,0
50019,'2-6564fed809212',1703,,193,4,,,0
50019,'24-6564fed809219',703,,194,4,,,0
50019,'35-6564fed80921a',803,,195,4,,,0
50019,'46-6564fed80921b',903,,196,4,,,0
50019,'57-6564fed80921d',1003,,197,4,,,0
50019,'68-6564fed80921e',1103,,198,4,,,0
50019,'71-6564fed80922b',2032,,199,4,,,0
50019,'72-6564fed809220',2102,,200,4,,,0
50019,'75-6564fed809221',2002,,201,4,,,0
50019,'79-6564fed809222',1203,,202,4,,,0
50019,'86-6564fed80922d',2132,,203,4,,,0
50019,'89-6564fed809223',1902,,204,4,,,0
50019,'90-6564fed809225',1303,,205,4,,,0
50019,'92-6564fed809226',1403,,206,4,,,0
50019,'94-6564fed80922e',632,,207,4,,,0
50019,'95-6564fed80922f',1532,,208,4,,,0
50019,'96-6564fed809231',1632,,209,4,,,0
50019,'97-6564fed809232',1732,,210,4,,,0
50019,'98-6564fed809233',1832,,211,4,,,0
50019,'99-6564fed809234',732,,212,4,,,0
70019,'45-6564fed80924e',852,,341,20,,,0
70019,'47-6564fed80924f',952,,342,20,,,0
70019,'48-6564fed809251',1152,,343,20,,,0
70019,'49-6564fed809252',1252,,344,20,,,0
70019,'50-6564fed809253',1452,,345,20,,,0
70019,'51-6564fed809255',1552,,346,20,,,0
70019,'52-6564fed809256',1652,,347,20,,,0
70019,'53-6564fed809257',1752,,348,20,,,0
70019,'54-6564fed80925a',752,,349,4,,,0
70019,'66-6564fed809258',1052,,350,20,,,0
