57019,'104-6564fed809352',2000,,309,29,,,0
57019,'17-6564fed809333',700,,310,29,,,0
57019,'18-6564fed809334',1600,,311,29,,,0
57019,'19-6564fed809335',1700,,312,29,,,0
57019,'20-6564fed809336',1800,,313,29,,,0
57019,'21-6564fed809338',1900,,314,29,,,0
57019,'22-6564fed809339',800,,315,29,,,0
57019,'23-6564fed80933b',900,,316,29,,,0
57019,'25-6564fed80933c',1000,,317,29,,,0
57019,'26-6564fed80933d',1100,,318,29,,,0
57019,'27-6564fed80933e',1200,,319,29,,,0
57019,'28-6564fed809340',1300,,320,29,,,0
57019,'29-6564fed809341',1400,,321,29,,,0
57019,'30-6564fed80934e',1500,,322,29,,,0
57019,'67-6564fed80934f',2200,,323,29,,,0
57019,'74-6564fed809350',2100,,324,29,,,0
