54019,'153-6564fed8092c0',652,,261,25,,,0
54019,'154-6564fed8092c1',1552,,262,25,,,0
54019,'155-6564fed8092c2',1652,,263,25,,,0
54019,'156-6564fed8092c4',1752,,264,25,,,0
54019,'157-6564fed8092c5',1852,,265,25,,,0
54019,'158-6564fed8092c7',752,,266,25,,,0
54019,'160-6564fed8092c8',852,,267,25,,,0
54019,'161-6564fed8092c9',952,,268,25,,,0
54019,'162-6564fed8092ca',1052,,269,25,,,0
54019,'163-6564fed8092cc',1152,,270,25,,,0
54019,'164-6564fed8092cd',1252,,271,25,,,0
54019,'165-6564fed8092ce',1352,,272,25,,,0
54019,'166-6564fed8092cf',1452,,273,25,,,0
54019,'70-6564fed8092bc',2052,,274,25,,,0
54019,'77-6564fed8092bd',1952,,275,25,,,0
54019,'88-6564fed8092bf',2152,,276,25,,,0
