55019,'137-6564fed8092d3',2202,,277,47,,,0
55019,'168-6564fed8092df',1602,,279,47,,,0
55019,'169-6564fed809316',1702,,280,47,,,0
55019,'171-6564fed80931a',1802,,281,47,,,0
55019,'172-6564fed8092d5',1902,,282,47,,,0
55019,'176-6564fed8092d6',1032,,286,47,,,0
55019,'177-6564fed8092d7',1132,,287,47,,,0
55019,'179-6564fed8092d8',1332,,289,47,,,0
55019,'180-6564fed80931b',1432,,290,47,,,0
55019,'73-6564fed8092d1',2002,,291,47,,,0
55019,'81-6564fed8092d2',2102,,292,47,,,0
71019,'55-6564fed80925b',821,,351,11,,,0
71019,'56-6564fed80925c',1821,,352,11,,,0
71019,'58-6564fed80925e',921,,353,11,,,0
71019,'59-6564fed80925f',1021,,354,11,,,0
71019,'60-6564fed809260',1121,,355,11,,,0
71019,'61-6564fed809261',1221,,356,11,,,0
71019,'62-6564fed809263',1321,,357,11,,,0
71019,'63-6564fed809264',1521,,358,11,,,0
71019,'64-6564fed809265',1621,,359,11,,,0
71019,'65-6564fed809266',1721,,360,11,,,0
