57019,'104-6564fed809352',1955,,309,23,,,0
57019,'17-6564fed809333',655,,310,23,,,0
57019,'18-6564fed809334',1555,,311,23,,,0
57019,'19-6564fed809335',1655,,312,23,,,0
57019,'20-6564fed809336',1755,,313,23,,,0
57019,'21-6564fed809338',1855,,314,23,,,0
57019,'22-6564fed809339',755,,315,23,,,0
57019,'23-6564fed80933b',855,,316,23,,,0
57019,'25-6564fed80933c',955,,317,23,,,0
57019,'26-6564fed80933d',1055,,318,23,,,0
57019,'27-6564fed80933e',1155,,319,23,,,0
57019,'28-6564fed809340',1255,,320,23,,,0
57019,'29-6564fed809341',1355,,321,23,,,0
57019,'30-6564fed80934e',1455,,322,23,,,0
57019,'67-6564fed80934f',2155,,323,23,,,0
57019,'74-6564fed809350',2055,,324,23,,,0
