52019,'123-6564fed80928c',654,,229,30,,,0
52019,'124-6564fed80928e',1554,,230,30,,,0
52019,'125-6564fed80928f',1654,,231,30,,,0
52019,'127-6564fed809290',1754,,232,30,,,0
52019,'128-6564fed809291',1854,,233,30,,,0
52019,'129-6564fed809293',754,,234,30,,,0
52019,'130-6564fed809294',854,,235,30,,,0
52019,'131-6564fed809295',954,,236,30,,,0
52019,'132-6564fed809296',1054,,237,30,,,0
52019,'133-6564fed809297',1154,,238,30,,,0
52019,'134-6564fed809299',1254,,239,30,,,0
52019,'135-6564fed80929a',1354,,240,30,,,0
52019,'136-6564fed80929b',1454,,241,30,,,0
52019,'82-6564fed809288',2154,,242,30,,,0
52019,'84-6564fed80928a',1954,,243,30,,,0
52019,'87-6564fed80928b',2054,,244,30,,,0
