50019,'100-6564fed809236',836,,181,9,,,0
50019,'101-6564fed809237',936,,182,9,,,0
50019,'102-6564fed809238',1036,,183,9,,,0
50019,'103-6564fed80923a',1136,,184,9,,,0
50019,'105-6564fed80923b',1236,,185,9,,,0
50019,'106-6564fed80923c',1336,,186,9,,,0
50019,'107-6564fed80923d',1436,,187,9,,,0
50019,'115-6564fed80923f',1936,,188,9,,,0
50019,'13-6564fed809217',1807,,189,9,,,0
50019,'148-6564fed809227',607,,190,9,,,0
50019,'159-6564fed809229',1507,,191,9,,,0
50019,'170-6564fed80922a',1607,,192,9,,,0
50019,'2-6564fed809212',1707,,193,9,,,0
50019,'24-6564fed809219',707,,194,9,,,0
50019,'35-6564fed80921a',807,,195,9,,,0
50019,'46-6564fed80921b',907,,196,9,,,0
50019,'57-6564fed80921d',1007,,197,9,,,0
50019,'68-6564fed80921e',1107,,198,9,,,0
50019,'71-6564fed80922b',2036,,199,9,,,0
50019,'72-6564fed809220',2106,,200,9,,,0
50019,'75-6564fed809221',2006,,201,9,,,0
50019,'79-6564fed809222',1207,,202,9,,,0
50019,'86-6564fed80922d',2136,,203,9,,,0
50019,'89-6564fed809223',1906,,204,9,,,0
50019,'90-6564fed809225',1307,,205,9,,,0
50019,'92-6564fed809226',1407,,206,9,,,0
50019,'94-6564fed80922e',636,,207,9,,,0
50019,'95-6564fed80922f',1536,,208,9,,,0
50019,'96-6564fed809231',1636,,209,9,,,0
50019,'97-6564fed809232',1736,,210,9,,,0
50019,'98-6564fed809233',1836,,211,9,,,0
50019,'99-6564fed809234',736,,212,9,,,0
54019,'153-6564fed8092c0',634,,261,14,,,0
54019,'154-6564fed8092c1',1534,,262,14,,,0
54019,'155-6564fed8092c2',1634,,263,14,,,0
54019,'156-6564fed8092c4',1734,,264,14,,,0
54019,'157-6564fed8092c5',1834,,265,14,,,0
54019,'158-6564fed8092c7',734,,266,14,,,0
54019,'160-6564fed8092c8',834,,267,14,,,0
54019,'161-6564fed8092c9',934,,268,14,,,0
54019,'162-6564fed8092ca',1034,,269,14,,,0
54019,'163-6564fed8092cc',1134,,270,14,,,0
54019,'164-6564fed8092cd',1234,,271,14,,,0
54019,'165-6564fed8092ce',1334,,272,14,,,0
54019,'166-6564fed8092cf',1434,,273,14,,,0
54019,'70-6564fed8092bc',2034,,274,14,,,0
54019,'77-6564fed8092bd',1934,,275,14,,,0
54019,'88-6564fed8092bf',2134,,276,14,,,0
57019,'104-6564fed809352',1946,,309,18,,,0
57019,'17-6564fed809333',646,,310,18,,,0
57019,'18-6564fed809334',1546,,311,18,,,0
57019,'19-6564fed809335',1646,,312,18,,,0
57019,'20-6564fed809336',1746,,313,18,,,0
57019,'21-6564fed809338',1846,,314,18,,,0
57019,'22-6564fed809339',746,,315,18,,,0
57019,'23-6564fed80933b',846,,316,18,,,0
57019,'25-6564fed80933c',946,,317,18,,,0
57019,'26-6564fed80933d',1046,,318,18,,,0
57019,'27-6564fed80933e',1146,,319,18,,,0
57019,'28-6564fed809340',1246,,320,18,,,0
57019,'29-6564fed809341',1346,,321,18,,,0
57019,'30-6564fed80934e',1446,,322,18,,,0
57019,'67-6564fed80934f',2146,,323,18,,,0
57019,'74-6564fed809350',2046,,324,18,,,0
70019,'45-6564fed80924e',856,,341,25,,,0
70019,'47-6564fed80924f',956,,342,25,,,0
70019,'48-6564fed809251',1156,,343,25,,,0
70019,'49-6564fed809252',1256,,344,25,,,0
70019,'50-6564fed809253',1456,,345,25,,,0
70019,'51-6564fed809255',1556,,346,25,,,0
70019,'52-6564fed809256',1656,,347,25,,,0
70019,'53-6564fed809257',1756,,348,25,,,0
70019,'54-6564fed80925a',756,,349,9,,,0
70019,'66-6564fed809258',1056,,350,25,,,0
