57019,'104-6564fed809352',1957,,309,26,,,0
57019,'17-6564fed809333',657,,310,26,,,0
57019,'18-6564fed809334',1557,,311,26,,,0
57019,'19-6564fed809335',1657,,312,26,,,0
57019,'20-6564fed809336',1757,,313,26,,,0
57019,'21-6564fed809338',1857,,314,26,,,0
57019,'22-6564fed809339',757,,315,26,,,0
57019,'23-6564fed80933b',857,,316,26,,,0
57019,'25-6564fed80933c',957,,317,26,,,0
57019,'26-6564fed80933d',1057,,318,26,,,0
57019,'27-6564fed80933e',1157,,319,26,,,0
57019,'28-6564fed809340',1257,,320,26,,,0
57019,'29-6564fed809341',1357,,321,26,,,0
57019,'30-6564fed80934e',1457,,322,26,,,0
57019,'67-6564fed80934f',2157,,323,26,,,0
57019,'74-6564fed809350',2057,,324,26,,,0
