54019,'153-6564fed8092c0',648,,261,22,,,0
54019,'154-6564fed8092c1',1548,,262,22,,,0
54019,'155-6564fed8092c2',1648,,263,22,,,0
54019,'156-6564fed8092c4',1748,,264,22,,,0
54019,'157-6564fed8092c5',1848,,265,22,,,0
54019,'158-6564fed8092c7',748,,266,22,,,0
54019,'160-6564fed8092c8',848,,267,22,,,0
54019,'161-6564fed8092c9',948,,268,22,,,0
54019,'162-6564fed8092ca',1048,,269,22,,,0
54019,'163-6564fed8092cc',1148,,270,22,,,0
54019,'164-6564fed8092cd',1248,,271,22,,,0
54019,'165-6564fed8092ce',1348,,272,22,,,0
54019,'166-6564fed8092cf',1448,,273,22,,,0
54019,'70-6564fed8092bc',2048,,274,22,,,0
54019,'77-6564fed8092bd',1948,,275,22,,,0
54019,'88-6564fed8092bf',2148,,276,22,,,0
