57019,'104-6564fed809352',1943,,309,16,,,0
57019,'17-6564fed809333',643,,310,16,,,0
57019,'18-6564fed809334',1543,,311,16,,,0
57019,'19-6564fed809335',1643,,312,16,,,0
57019,'20-6564fed809336',1743,,313,16,,,0
57019,'21-6564fed809338',1843,,314,16,,,0
57019,'22-6564fed809339',743,,315,16,,,0
57019,'23-6564fed80933b',843,,316,16,,,0
57019,'25-6564fed80933c',943,,317,16,,,0
57019,'26-6564fed80933d',1043,,318,16,,,0
57019,'27-6564fed80933e',1143,,319,16,,,0
57019,'28-6564fed809340',1243,,320,16,,,0
57019,'29-6564fed809341',1343,,321,16,,,0
57019,'30-6564fed80934e',1443,,322,16,,,0
57019,'67-6564fed80934f',2143,,323,16,,,0
57019,'74-6564fed809350',2043,,324,16,,,0
