56019,'10-6564fed809327',914,,293,7,,,0
56019,'11-6564fed809328',1014,,294,7,,,0
56019,'12-6564fed809329',1114,,295,7,,,0
56019,'14-6564fed80932b',1214,,296,7,,,0
56019,'15-6564fed80932c',1314,,297,7,,,0
56019,'16-6564fed80932d',1414,,298,7,,,0
56019,'3-6564fed80931e',614,,299,7,,,0
56019,'4-6564fed80931f',1514,,300,7,,,0
56019,'5-6564fed809320',1614,,301,7,,,0
56019,'6-6564fed809322',1714,,302,7,,,0
56019,'7-6564fed809323',1814,,303,7,,,0
56019,'78-6564fed80932f',1914,,304,7,,,0
56019,'8-6564fed809324',714,,305,7,,,0
56019,'80-6564fed809330',2114,,306,7,,,0
56019,'9-6564fed809325',814,,307,7,,,0
56019,'93-6564fed809331',2014,,308,7,,,0
