54019,'153-6564fed8092c0',632,,261,11,,,0
54019,'154-6564fed8092c1',1532,,262,11,,,0
54019,'155-6564fed8092c2',1632,,263,11,,,0
54019,'156-6564fed8092c4',1732,,264,11,,,0
54019,'157-6564fed8092c5',1832,,265,11,,,0
54019,'158-6564fed8092c7',732,,266,11,,,0
54019,'160-6564fed8092c8',832,,267,11,,,0
54019,'161-6564fed8092c9',932,,268,11,,,0
54019,'162-6564fed8092ca',1032,,269,11,,,0
54019,'163-6564fed8092cc',1132,,270,11,,,0
54019,'164-6564fed8092cd',1232,,271,11,,,0
54019,'165-6564fed8092ce',1332,,272,11,,,0
54019,'166-6564fed8092cf',1432,,273,11,,,0
54019,'70-6564fed8092bc',2032,,274,11,,,0
54019,'77-6564fed8092bd',1932,,275,11,,,0
54019,'88-6564fed8092bf',2132,,276,11,,,0
