54019,'153-6564fed8092c0',631,,261,10,,,0
54019,'154-6564fed8092c1',1531,,262,10,,,0
54019,'155-6564fed8092c2',1631,,263,10,,,0
54019,'156-6564fed8092c4',1731,,264,10,,,0
54019,'157-6564fed8092c5',1831,,265,10,,,0
54019,'158-6564fed8092c7',731,,266,10,,,0
54019,'160-6564fed8092c8',831,,267,10,,,0
54019,'161-6564fed8092c9',931,,268,10,,,0
54019,'162-6564fed8092ca',1031,,269,10,,,0
54019,'163-6564fed8092cc',1131,,270,10,,,0
54019,'164-6564fed8092cd',1231,,271,10,,,0
54019,'165-6564fed8092ce',1331,,272,10,,,0
54019,'166-6564fed8092cf',1431,,273,10,,,0
54019,'70-6564fed8092bc',2031,,274,10,,,0
54019,'77-6564fed8092bd',1931,,275,10,,,0
54019,'88-6564fed8092bf',2131,,276,10,,,0
