55019,'137-6564fed8092d3',2156,,277,20,,,0
55019,'167-6564fed8092da',631,,278,44,,,0
55019,'168-6564fed8092df',1554,,279,20,,,0
55019,'169-6564fed809316',1654,,280,20,,,0
55019,'171-6564fed80931a',1754,,281,20,,,0
55019,'172-6564fed8092d5',1856,,282,20,,,0
55019,'173-6564fed8092db',731,,283,44,,,0
55019,'174-6564fed8092dc',831,,284,44,,,0
55019,'175-6564fed8092dd',931,,285,44,,,0
55019,'176-6564fed8092d6',1026,,286,20,,,0
55019,'177-6564fed8092d7',1126,,287,20,,,0
55019,'178-6564fed80931c',1226,,288,20,,,0
55019,'179-6564fed8092d8',1326,,289,20,,,0
55019,'180-6564fed80931b',1424,,290,20,,,0
55019,'73-6564fed8092d1',1956,,291,20,,,0
55019,'81-6564fed8092d2',2056,,292,20,,,0
