60019,'1-6564fed809353',2028,,325,15,,,0
60019,'31-6564fed809354',658,,326,15,,,0
60019,'32-6564fed809355',1528,,327,15,,,0
60019,'33-6564fed809357',1628,,328,15,,,0
60019,'34-6564fed809358',1728,,329,15,,,0
60019,'36-6564fed809359',1828,,330,15,,,0
60019,'37-6564fed80935b',758,,331,15,,,0
60019,'38-6564fed80935c',858,,332,15,,,0
60019,'39-6564fed80935d',958,,333,15,,,0
60019,'40-6564fed80935e',1058,,334,15,,,0
60019,'41-6564fed809360',1158,,335,15,,,0
60019,'42-6564fed809361',1258,,336,15,,,0
60019,'43-6564fed809362',1358,,337,15,,,0
60019,'44-6564fed809363',1458,,338,15,,,0
60019,'83-6564fed809365',2128,,339,15,,,0
60019,'85-6564fed809366',1928,,340,15,,,0
