57019,'104-6564fed809352',1959,,309,28,,,0
57019,'17-6564fed809333',659,,310,28,,,0
57019,'18-6564fed809334',1559,,311,28,,,0
57019,'19-6564fed809335',1659,,312,28,,,0
57019,'20-6564fed809336',1759,,313,28,,,0
57019,'21-6564fed809338',1859,,314,28,,,0
57019,'22-6564fed809339',759,,315,28,,,0
57019,'23-6564fed80933b',859,,316,28,,,0
57019,'25-6564fed80933c',959,,317,28,,,0
57019,'26-6564fed80933d',1059,,318,28,,,0
57019,'27-6564fed80933e',1159,,319,28,,,0
57019,'28-6564fed809340',1259,,320,28,,,0
57019,'29-6564fed809341',1359,,321,28,,,0
57019,'30-6564fed80934e',1459,,322,28,,,0
57019,'67-6564fed80934f',2159,,323,28,,,0
57019,'74-6564fed809350',2059,,324,28,,,0
