56019,'10-6564fed809327',918,,293,12,,,0
56019,'11-6564fed809328',1018,,294,12,,,0
56019,'12-6564fed809329',1118,,295,12,,,0
56019,'14-6564fed80932b',1218,,296,12,,,0
56019,'15-6564fed80932c',1318,,297,12,,,0
56019,'16-6564fed80932d',1418,,298,12,,,0
56019,'3-6564fed80931e',618,,299,12,,,0
56019,'4-6564fed80931f',1518,,300,12,,,0
56019,'5-6564fed809320',1618,,301,12,,,0
56019,'6-6564fed809322',1718,,302,12,,,0
56019,'7-6564fed809323',1818,,303,12,,,0
56019,'78-6564fed80932f',1918,,304,12,,,0
56019,'8-6564fed809324',718,,305,12,,,0
56019,'80-6564fed809330',2118,,306,12,,,0
56019,'9-6564fed809325',818,,307,12,,,0
56019,'93-6564fed809331',2018,,308,12,,,0
