54019,'153-6564fed8092c0',630,,261,8,,,0
54019,'154-6564fed8092c1',1530,,262,8,,,0
54019,'155-6564fed8092c2',1630,,263,8,,,0
54019,'156-6564fed8092c4',1730,,264,8,,,0
54019,'157-6564fed8092c5',1830,,265,8,,,0
54019,'158-6564fed8092c7',730,,266,8,,,0
54019,'160-6564fed8092c8',830,,267,8,,,0
54019,'161-6564fed8092c9',930,,268,8,,,0
54019,'162-6564fed8092ca',1030,,269,8,,,0
54019,'163-6564fed8092cc',1130,,270,8,,,0
54019,'164-6564fed8092cd',1230,,271,8,,,0
54019,'165-6564fed8092ce',1330,,272,8,,,0
54019,'166-6564fed8092cf',1430,,273,8,,,0
54019,'70-6564fed8092bc',2030,,274,8,,,0
54019,'77-6564fed8092bd',1930,,275,8,,,0
54019,'88-6564fed8092bf',2130,,276,8,,,0
60019,'1-6564fed809353',2030,,325,16,,,0
60019,'31-6564fed809354',700,,326,16,,,0
60019,'32-6564fed809355',1530,,327,16,,,0
60019,'33-6564fed809357',1630,,328,16,,,0
60019,'34-6564fed809358',1730,,329,16,,,0
60019,'36-6564fed809359',1830,,330,16,,,0
60019,'37-6564fed80935b',800,,331,16,,,0
60019,'38-6564fed80935c',900,,332,16,,,0
60019,'39-6564fed80935d',1000,,333,16,,,0
60019,'40-6564fed80935e',1100,,334,16,,,0
60019,'41-6564fed809360',1200,,335,16,,,0
60019,'42-6564fed809361',1300,,336,16,,,0
60019,'43-6564fed809362',1400,,337,16,,,0
60019,'44-6564fed809363',1500,,338,16,,,0
60019,'83-6564fed809365',2130,,339,16,,,0
60019,'85-6564fed809366',1930,,340,16,,,0
