53019,'138-6564fed80929f',600,,245,6,,,0
53019,'139-6564fed8092a0',1500,,246,6,,,0
53019,'140-6564fed8092a1',1600,,247,6,,,0
53019,'141-6564fed8092a3',1700,,248,6,,,0
53019,'142-6564fed8092a4',1800,,249,6,,,0
53019,'143-6564fed8092a5',1900,,250,6,,,0
53019,'144-6564fed8092a7',700,,251,6,,,0
53019,'145-6564fed8092a8',800,,252,6,,,0
53019,'146-6564fed8092a9',900,,253,6,,,0
53019,'147-6564fed8092aa',1000,,254,6,,,0
53019,'149-6564fed8092b7',1100,,255,6,,,0
53019,'150-6564fed8092b8',1200,,256,6,,,0
53019,'151-6564fed8092ba',1300,,257,6,,,0
53019,'152-6564fed8092bb',1400,,258,6,,,0
53019,'69-6564fed80929c',2000,,259,6,,,0
53019,'91-6564fed80929e',2100,,260,6,,,0
