55019,'137-6564fed8092d3',2152,,277,13,,,0
55019,'167-6564fed8092da',625,,278,37,,,0
55019,'168-6564fed8092df',1550,,279,13,,,0
55019,'169-6564fed809316',1650,,280,13,,,0
55019,'171-6564fed80931a',1750,,281,13,,,0
55019,'172-6564fed8092d5',1852,,282,13,,,0
55019,'173-6564fed8092db',725,,283,37,,,0
55019,'174-6564fed8092dc',825,,284,37,,,0
55019,'175-6564fed8092dd',925,,285,37,,,0
55019,'176-6564fed8092d6',1022,,286,13,,,0
55019,'177-6564fed8092d7',1122,,287,13,,,0
55019,'178-6564fed80931c',1222,,288,13,,,0
55019,'179-6564fed8092d8',1322,,289,13,,,0
55019,'180-6564fed80931b',1420,,290,13,,,0
55019,'73-6564fed8092d1',1952,,291,13,,,0
55019,'81-6564fed8092d2',2052,,292,13,,,0
