50019,'100-6564fed809236',839,,181,10,,,0
50019,'101-6564fed809237',939,,182,10,,,0
50019,'102-6564fed809238',1039,,183,10,,,0
50019,'103-6564fed80923a',1139,,184,10,,,0
50019,'105-6564fed80923b',1239,,185,10,,,0
50019,'106-6564fed80923c',1339,,186,10,,,0
50019,'107-6564fed80923d',1439,,187,10,,,0
50019,'115-6564fed80923f',1939,,188,10,,,0
50019,'13-6564fed809217',1810,,189,10,,,0
50019,'148-6564fed809227',610,,190,10,,,0
50019,'159-6564fed809229',1510,,191,10,,,0
50019,'170-6564fed80922a',1610,,192,10,,,0
50019,'2-6564fed809212',1710,,193,10,,,0
50019,'24-6564fed809219',710,,194,10,,,0
50019,'35-6564fed80921a',810,,195,10,,,0
50019,'46-6564fed80921b',910,,196,10,,,0
50019,'57-6564fed80921d',1010,,197,10,,,0
50019,'68-6564fed80921e',1110,,198,10,,,0
50019,'71-6564fed80922b',2039,,199,10,,,0
50019,'72-6564fed809220',2109,,200,10,,,0
50019,'75-6564fed809221',2009,,201,10,,,0
50019,'79-6564fed809222',1210,,202,10,,,0
50019,'86-6564fed80922d',2139,,203,10,,,0
50019,'89-6564fed809223',1909,,204,10,,,0
50019,'90-6564fed809225',1310,,205,10,,,0
50019,'92-6564fed809226',1410,,206,10,,,0
50019,'94-6564fed80922e',639,,207,10,,,0
50019,'95-6564fed80922f',1539,,208,10,,,0
50019,'96-6564fed809231',1639,,209,10,,,0
50019,'97-6564fed809232',1739,,210,10,,,0
50019,'98-6564fed809233',1839,,211,10,,,0
50019,'99-6564fed809234',739,,212,10,,,0
54019,'153-6564fed8092c0',637,,261,15,,,0
54019,'154-6564fed8092c1',1537,,262,15,,,0
54019,'155-6564fed8092c2',1637,,263,15,,,0
54019,'156-6564fed8092c4',1737,,264,15,,,0
54019,'157-6564fed8092c5',1837,,265,15,,,0
54019,'158-6564fed8092c7',737,,266,15,,,0
54019,'160-6564fed8092c8',837,,267,15,,,0
54019,'161-6564fed8092c9',937,,268,15,,,0
54019,'162-6564fed8092ca',1037,,269,15,,,0
54019,'163-6564fed8092cc',1137,,270,15,,,0
54019,'164-6564fed8092cd',1237,,271,15,,,0
54019,'165-6564fed8092ce',1337,,272,15,,,0
54019,'166-6564fed8092cf',1437,,273,15,,,0
54019,'70-6564fed8092bc',2037,,274,15,,,0
54019,'77-6564fed8092bd',1937,,275,15,,,0
54019,'88-6564fed8092bf',2137,,276,15,,,0
55019,'137-6564fed8092d3',2140,,277,1,,,0,70,,277,49,4,,0
55019,'167-6564fed8092da',610,,278,1,,,0,30,,278,49,4,,0
55019,'168-6564fed8092df',1540,,279,1,,,0,70,,279,49,4,,0
55019,'169-6564fed809316',1640,,280,1,,,0,70,,280,49,4,,0
55019,'171-6564fed80931a',1740,,281,1,,,0,70,,281,49,4,,0
55019,'172-6564fed8092d5',1840,,282,1,,,0,70,,282,49,4,,0
55019,'173-6564fed8092db',710,,283,1,,,0,30,,283,49,4,,0
55019,'174-6564fed8092dc',810,,284,1,,,0,30,,284,49,4,,0
55019,'175-6564fed8092dd',910,,285,1,,,0,30,,285,49,4,,0
55019,'176-6564fed8092d6',1010,,286,1,,,0,30,,286,49,4,,0
55019,'177-6564fed8092d7',1110,,287,1,,,0,30,,287,49,4,,0
55019,'178-6564fed80931c',1210,,288,1,,,0,30,,288,49,4,,0
55019,'179-6564fed8092d8',1310,,289,1,,,0,30,,289,49,4,,0
55019,'180-6564fed80931b',1410,,290,1,,,0,30,,290,49,4,,0
55019,'73-6564fed8092d1',1940,,291,1,,,0,70,,291,49,4,,0
55019,'81-6564fed8092d2',2040,,292,1,,,0,70,,292,49,4,,0
57019,'104-6564fed809352',1949,,309,19,,,0
57019,'17-6564fed809333',649,,310,19,,,0
57019,'18-6564fed809334',1549,,311,19,,,0
57019,'19-6564fed809335',1649,,312,19,,,0
57019,'20-6564fed809336',1749,,313,19,,,0
57019,'21-6564fed809338',1849,,314,19,,,0
57019,'22-6564fed809339',749,,315,19,,,0
57019,'23-6564fed80933b',849,,316,19,,,0
57019,'25-6564fed80933c',949,,317,19,,,0
57019,'26-6564fed80933d',1049,,318,19,,,0
57019,'27-6564fed80933e',1149,,319,19,,,0
57019,'28-6564fed809340',1249,,320,19,,,0
57019,'29-6564fed809341',1349,,321,19,,,0
57019,'30-6564fed80934e',1449,,322,19,,,0
57019,'67-6564fed80934f',2149,,323,19,,,0
57019,'74-6564fed809350',2049,,324,19,,,0
60019,'1-6564fed809353',2012,,325,1,,,0,25,,325,20,4,,0
60019,'31-6564fed809354',642,,326,1,,,0,65,,326,20,4,,0
60019,'32-6564fed809355',1512,,327,1,,,0,25,,327,20,4,,0
60019,'33-6564fed809357',1612,,328,1,,,0,25,,328,20,4,,0
60019,'34-6564fed809358',1712,,329,1,,,0,25,,329,20,4,,0
60019,'36-6564fed809359',1812,,330,1,,,0,25,,330,20,4,,0
60019,'37-6564fed80935b',742,,331,1,,,0,65,,331,20,4,,0
60019,'38-6564fed80935c',842,,332,1,,,0,65,,332,20,4,,0
60019,'39-6564fed80935d',942,,333,1,,,0,65,,333,20,4,,0
60019,'40-6564fed80935e',1042,,334,1,,,0,65,,334,20,4,,0
60019,'41-6564fed809360',1142,,335,1,,,0,65,,335,20,4,,0
60019,'42-6564fed809361',1242,,336,1,,,0,65,,336,20,4,,0
60019,'43-6564fed809362',1342,,337,1,,,0,65,,337,20,4,,0
60019,'44-6564fed809363',1442,,338,1,,,0,65,,338,20,4,,0
60019,'83-6564fed809365',2112,,339,1,,,0,25,,339,20,4,,0
60019,'85-6564fed809366',1912,,340,1,,,0,25,,340,20,4,,0
70019,'45-6564fed80924e',830,,341,10,,,0,70,,341,26,4,,0
70019,'47-6564fed80924f',930,,342,10,,,0,70,,342,26,4,,0
70019,'48-6564fed809251',1130,,343,10,,,0,70,,343,26,4,,0
70019,'49-6564fed809252',1230,,344,10,,,0,70,,344,26,4,,0
70019,'50-6564fed809253',1430,,345,10,,,0,70,,345,26,4,,0
70019,'51-6564fed809255',1530,,346,10,,,0,70,,346,26,4,,0
70019,'52-6564fed809256',1630,,347,10,,,0,70,,347,26,4,,0
70019,'53-6564fed809257',1730,,348,10,,,0,70,,348,26,4,,0
70019,'54-6564fed80925a',800,,349,10,4,,0
70019,'66-6564fed809258',1030,,350,10,,,0,70,,350,26,4,,0
71019,'55-6564fed80925b',803,,351,1,,,0,24,,351,12,4,,0
71019,'56-6564fed80925c',1803,,352,1,,,0,24,,352,12,4,,0
71019,'58-6564fed80925e',903,,353,1,,,0,24,,353,12,4,,0
71019,'59-6564fed80925f',1003,,354,1,,,0,24,,354,12,4,,0
71019,'60-6564fed809260',1103,,355,1,,,0,24,,355,12,4,,0
71019,'61-6564fed809261',1203,,356,1,,,0,24,,356,12,4,,0
71019,'62-6564fed809263',1303,,357,1,,,0,24,,357,12,4,,0
71019,'63-6564fed809264',1503,,358,1,,,0,24,,358,12,4,,0
71019,'64-6564fed809265',1603,,359,1,,,0,24,,359,12,4,,0
71019,'65-6564fed809266',1703,,360,1,,,0,24,,360,12,4,,0
