60019,'1-6564fed809353',2021,,325,9,,,0
60019,'31-6564fed809354',651,,326,9,,,0
60019,'32-6564fed809355',1521,,327,9,,,0
60019,'33-6564fed809357',1621,,328,9,,,0
60019,'34-6564fed809358',1721,,329,9,,,0
60019,'36-6564fed809359',1821,,330,9,,,0
60019,'37-6564fed80935b',751,,331,9,,,0
60019,'38-6564fed80935c',851,,332,9,,,0
60019,'39-6564fed80935d',951,,333,9,,,0
60019,'40-6564fed80935e',1051,,334,9,,,0
60019,'41-6564fed809360',1151,,335,9,,,0
60019,'42-6564fed809361',1251,,336,9,,,0
60019,'43-6564fed809362',1351,,337,9,,,0
60019,'44-6564fed809363',1451,,338,9,,,0
60019,'83-6564fed809365',2121,,339,9,,,0
60019,'85-6564fed809366',1921,,340,9,,,0
