57019,'104-6564fed809352',1938,,309,10,,,0
57019,'17-6564fed809333',638,,310,10,,,0
57019,'18-6564fed809334',1538,,311,10,,,0
57019,'19-6564fed809335',1638,,312,10,,,0
57019,'20-6564fed809336',1738,,313,10,,,0
57019,'21-6564fed809338',1838,,314,10,,,0
57019,'22-6564fed809339',738,,315,10,,,0
57019,'23-6564fed80933b',838,,316,10,,,0
57019,'25-6564fed80933c',938,,317,10,,,0
57019,'26-6564fed80933d',1038,,318,10,,,0
57019,'27-6564fed80933e',1138,,319,10,,,0
57019,'28-6564fed809340',1238,,320,10,,,0
57019,'29-6564fed809341',1338,,321,10,,,0
57019,'30-6564fed80934e',1438,,322,10,,,0
57019,'67-6564fed80934f',2138,,323,10,,,0
57019,'74-6564fed809350',2038,,324,10,,,0
