54019,'153-6564fed8092c0',646,,261,19,,,0
54019,'154-6564fed8092c1',1546,,262,19,,,0
54019,'155-6564fed8092c2',1646,,263,19,,,0
54019,'156-6564fed8092c4',1746,,264,19,,,0
54019,'157-6564fed8092c5',1846,,265,19,,,0
54019,'158-6564fed8092c7',746,,266,19,,,0
54019,'160-6564fed8092c8',846,,267,19,,,0
54019,'161-6564fed8092c9',946,,268,19,,,0
54019,'162-6564fed8092ca',1046,,269,19,,,0
54019,'163-6564fed8092cc',1146,,270,19,,,0
54019,'164-6564fed8092cd',1246,,271,19,,,0
54019,'165-6564fed8092ce',1346,,272,19,,,0
54019,'166-6564fed8092cf',1446,,273,19,,,0
54019,'70-6564fed8092bc',2046,,274,19,,,0
54019,'77-6564fed8092bd',1946,,275,19,,,0
54019,'88-6564fed8092bf',2146,,276,19,,,0
