51019,'108-6564fed809269',606,,213,8,,,0
51019,'109-6564fed80926a',1506,,214,8,,,0
51019,'110-6564fed80926b',1606,,215,8,,,0
51019,'111-6564fed80926d',1706,,216,8,,,0
51019,'112-6564fed80926e',1806,,217,8,,,0
51019,'113-6564fed80926f',1906,,218,8,,,0
51019,'114-6564fed809271',706,,219,8,,,0
51019,'116-6564fed809272',806,,220,8,,,0
51019,'117-6564fed809273',906,,221,8,,,0
51019,'118-6564fed809274',1006,,222,8,,,0
51019,'119-6564fed809276',1106,,223,8,,,0
51019,'120-6564fed809283',1206,,224,8,,,0
51019,'121-6564fed809285',1306,,225,8,,,0
51019,'122-6564fed809286',1406,,226,8,,,0
51019,'126-6564fed809287',2106,,227,8,,,0
51019,'76-6564fed809268',2006,,228,8,,,0
