56019,'10-6564fed809327',917,,293,10,,,0
56019,'11-6564fed809328',1017,,294,10,,,0
56019,'12-6564fed809329',1117,,295,10,,,0
56019,'14-6564fed80932b',1217,,296,10,,,0
56019,'15-6564fed80932c',1317,,297,10,,,0
56019,'16-6564fed80932d',1417,,298,10,,,0
56019,'3-6564fed80931e',617,,299,10,,,0
56019,'4-6564fed80931f',1517,,300,10,,,0
56019,'5-6564fed809320',1617,,301,10,,,0
56019,'6-6564fed809322',1717,,302,10,,,0
56019,'7-6564fed809323',1817,,303,10,,,0
56019,'78-6564fed80932f',1917,,304,10,,,0
56019,'8-6564fed809324',717,,305,10,,,0
56019,'80-6564fed809330',2117,,306,10,,,0
56019,'9-6564fed809325',817,,307,10,,,0
56019,'93-6564fed809331',2017,,308,10,,,0
