57019,'104-6564fed809352',1939,,309,12,,,0
57019,'17-6564fed809333',639,,310,12,,,0
57019,'18-6564fed809334',1539,,311,12,,,0
57019,'19-6564fed809335',1639,,312,12,,,0
57019,'20-6564fed809336',1739,,313,12,,,0
57019,'21-6564fed809338',1839,,314,12,,,0
57019,'22-6564fed809339',739,,315,12,,,0
57019,'23-6564fed80933b',839,,316,12,,,0
57019,'25-6564fed80933c',939,,317,12,,,0
57019,'26-6564fed80933d',1039,,318,12,,,0
57019,'27-6564fed80933e',1139,,319,12,,,0
57019,'28-6564fed809340',1239,,320,12,,,0
57019,'29-6564fed809341',1339,,321,12,,,0
57019,'30-6564fed80934e',1439,,322,12,,,0
57019,'67-6564fed80934f',2139,,323,12,,,0
57019,'74-6564fed809350',2039,,324,12,,,0
