55019,'137-6564fed8092d3',2151,,277,12,,,0
55019,'167-6564fed8092da',624,,278,36,,,0
55019,'168-6564fed8092df',1549,,279,12,,,0
55019,'169-6564fed809316',1649,,280,12,,,0
55019,'171-6564fed80931a',1749,,281,12,,,0
55019,'172-6564fed8092d5',1851,,282,12,,,0
55019,'173-6564fed8092db',724,,283,36,,,0
55019,'174-6564fed8092dc',824,,284,36,,,0
55019,'175-6564fed8092dd',924,,285,36,,,0
55019,'176-6564fed8092d6',1021,,286,12,,,0
55019,'177-6564fed8092d7',1121,,287,12,,,0
55019,'178-6564fed80931c',1221,,288,12,,,0
55019,'179-6564fed8092d8',1321,,289,12,,,0
55019,'180-6564fed80931b',1419,,290,12,,,0
55019,'73-6564fed8092d1',1951,,291,12,,,0
55019,'81-6564fed8092d2',2051,,292,12,,,0
