57019,'104-6564fed809352',1932,,309,3,,,0
57019,'17-6564fed809333',632,,310,3,,,0
57019,'18-6564fed809334',1532,,311,3,,,0
57019,'19-6564fed809335',1632,,312,3,,,0
57019,'20-6564fed809336',1732,,313,3,,,0
57019,'21-6564fed809338',1832,,314,3,,,0
57019,'22-6564fed809339',732,,315,3,,,0
57019,'23-6564fed80933b',832,,316,3,,,0
57019,'25-6564fed80933c',932,,317,3,,,0
57019,'26-6564fed80933d',1032,,318,3,,,0
57019,'27-6564fed80933e',1132,,319,3,,,0
57019,'28-6564fed809340',1232,,320,3,,,0
57019,'29-6564fed809341',1332,,321,3,,,0
57019,'30-6564fed80934e',1432,,322,3,,,0
57019,'67-6564fed80934f',2132,,323,3,,,0
57019,'74-6564fed809350',2032,,324,3,,,0
