50019,'100-6564fed809236',834,,181,7,,,0
50019,'101-6564fed809237',934,,182,7,,,0
50019,'102-6564fed809238',1034,,183,7,,,0
50019,'103-6564fed80923a',1134,,184,7,,,0
50019,'105-6564fed80923b',1234,,185,7,,,0
50019,'106-6564fed80923c',1334,,186,7,,,0
50019,'107-6564fed80923d',1434,,187,7,,,0
50019,'115-6564fed80923f',1934,,188,7,,,0
50019,'13-6564fed809217',1805,,189,7,,,0
50019,'148-6564fed809227',605,,190,7,,,0
50019,'159-6564fed809229',1505,,191,7,,,0
50019,'170-6564fed80922a',1605,,192,7,,,0
50019,'2-6564fed809212',1705,,193,7,,,0
50019,'24-6564fed809219',705,,194,7,,,0
50019,'35-6564fed80921a',805,,195,7,,,0
50019,'46-6564fed80921b',905,,196,7,,,0
50019,'57-6564fed80921d',1005,,197,7,,,0
50019,'68-6564fed80921e',1105,,198,7,,,0
50019,'71-6564fed80922b',2034,,199,7,,,0
50019,'72-6564fed809220',2104,,200,7,,,0
50019,'75-6564fed809221',2004,,201,7,,,0
50019,'79-6564fed809222',1205,,202,7,,,0
50019,'86-6564fed80922d',2134,,203,7,,,0
50019,'89-6564fed809223',1904,,204,7,,,0
50019,'90-6564fed809225',1305,,205,7,,,0
50019,'92-6564fed809226',1405,,206,7,,,0
50019,'94-6564fed80922e',634,,207,7,,,0
50019,'95-6564fed80922f',1534,,208,7,,,0
50019,'96-6564fed809231',1634,,209,7,,,0
50019,'97-6564fed809232',1734,,210,7,,,0
50019,'98-6564fed809233',1834,,211,7,,,0
50019,'99-6564fed809234',734,,212,7,,,0
70019,'45-6564fed80924e',854,,341,23,,,0
70019,'47-6564fed80924f',954,,342,23,,,0
70019,'48-6564fed809251',1154,,343,23,,,0
70019,'49-6564fed809252',1254,,344,23,,,0
70019,'50-6564fed809253',1454,,345,23,,,0
70019,'51-6564fed809255',1554,,346,23,,,0
70019,'52-6564fed809256',1654,,347,23,,,0
70019,'53-6564fed809257',1754,,348,23,,,0
70019,'54-6564fed80925a',754,,349,7,,,0
70019,'66-6564fed809258',1054,,350,23,,,0
