52019,'123-6564fed80928c',644,,229,23,,,0
52019,'124-6564fed80928e',1544,,230,23,,,0
52019,'125-6564fed80928f',1644,,231,23,,,0
52019,'127-6564fed809290',1744,,232,23,,,0
52019,'128-6564fed809291',1844,,233,23,,,0
52019,'129-6564fed809293',744,,234,23,,,0
52019,'130-6564fed809294',844,,235,23,,,0
52019,'131-6564fed809295',944,,236,23,,,0
52019,'132-6564fed809296',1044,,237,23,,,0
52019,'133-6564fed809297',1144,,238,23,,,0
52019,'134-6564fed809299',1244,,239,23,,,0
52019,'135-6564fed80929a',1344,,240,23,,,0
52019,'136-6564fed80929b',1444,,241,23,,,0
52019,'82-6564fed809288',2144,,242,23,,,0
52019,'84-6564fed80928a',1944,,243,23,,,0
52019,'87-6564fed80928b',2044,,244,23,,,0
