57019,'104-6564fed809352',1955,,309,24,,,0
57019,'17-6564fed809333',655,,310,24,,,0
57019,'18-6564fed809334',1555,,311,24,,,0
57019,'19-6564fed809335',1655,,312,24,,,0
57019,'20-6564fed809336',1755,,313,24,,,0
57019,'21-6564fed809338',1855,,314,24,,,0
57019,'22-6564fed809339',755,,315,24,,,0
57019,'23-6564fed80933b',855,,316,24,,,0
57019,'25-6564fed80933c',955,,317,24,,,0
57019,'26-6564fed80933d',1055,,318,24,,,0
57019,'27-6564fed80933e',1155,,319,24,,,0
57019,'28-6564fed809340',1255,,320,24,,,0
57019,'29-6564fed809341',1355,,321,24,,,0
57019,'30-6564fed80934e',1455,,322,24,,,0
57019,'67-6564fed80934f',2155,,323,24,,,0
57019,'74-6564fed809350',2055,,324,24,,,0
71019,'55-6564fed80925b',804,,351,2,,,0
71019,'56-6564fed80925c',1804,,352,2,,,0
71019,'58-6564fed80925e',904,,353,2,,,0
71019,'59-6564fed80925f',1004,,354,2,,,0
71019,'60-6564fed809260',1104,,355,2,,,0
71019,'61-6564fed809261',1204,,356,2,,,0
71019,'62-6564fed809263',1304,,357,2,,,0
71019,'63-6564fed809264',1504,,358,2,,,0
71019,'64-6564fed809265',1604,,359,2,,,0
71019,'65-6564fed809266',1704,,360,2,,,0
