54019,'153-6564fed8092c0',649,,261,23,,,0
54019,'154-6564fed8092c1',1549,,262,23,,,0
54019,'155-6564fed8092c2',1649,,263,23,,,0
54019,'156-6564fed8092c4',1749,,264,23,,,0
54019,'157-6564fed8092c5',1849,,265,23,,,0
54019,'158-6564fed8092c7',749,,266,23,,,0
54019,'160-6564fed8092c8',849,,267,23,,,0
54019,'161-6564fed8092c9',949,,268,23,,,0
54019,'162-6564fed8092ca',1049,,269,23,,,0
54019,'163-6564fed8092cc',1149,,270,23,,,0
54019,'164-6564fed8092cd',1249,,271,23,,,0
54019,'165-6564fed8092ce',1349,,272,23,,,0
54019,'166-6564fed8092cf',1449,,273,23,,,0
54019,'70-6564fed8092bc',2049,,274,23,,,0
54019,'77-6564fed8092bd',1949,,275,23,,,0
54019,'88-6564fed8092bf',2149,,276,23,,,0
