57019,'104-6564fed809352',1942,,309,15,,,0
57019,'17-6564fed809333',642,,310,15,,,0
57019,'18-6564fed809334',1542,,311,15,,,0
57019,'19-6564fed809335',1642,,312,15,,,0
57019,'20-6564fed809336',1742,,313,15,,,0
57019,'21-6564fed809338',1842,,314,15,,,0
57019,'22-6564fed809339',742,,315,15,,,0
57019,'23-6564fed80933b',842,,316,15,,,0
57019,'25-6564fed80933c',942,,317,15,,,0
57019,'26-6564fed80933d',1042,,318,15,,,0
57019,'27-6564fed80933e',1142,,319,15,,,0
57019,'28-6564fed809340',1242,,320,15,,,0
57019,'29-6564fed809341',1342,,321,15,,,0
57019,'30-6564fed80934e',1442,,322,15,,,0
57019,'67-6564fed80934f',2142,,323,15,,,0
57019,'74-6564fed809350',2042,,324,15,,,0
