55019,'137-6564fed8092d3',2145,,277,3,,,0,14,,277,27,,,0
55019,'167-6564fed8092da',618,,278,27,,,0
55019,'168-6564fed8092df',1559,,279,27,,,0
55019,'169-6564fed809316',1659,,280,27,,,0
55019,'171-6564fed80931a',1759,,281,27,,,0
55019,'172-6564fed8092d5',1845,,282,3,,,0,14,,282,27,,,0
55019,'173-6564fed8092db',718,,283,27,,,0
55019,'174-6564fed8092dc',818,,284,27,,,0
55019,'175-6564fed8092dd',918,,285,27,,,0
55019,'176-6564fed8092d6',1015,,286,3,,,0,14,,286,27,,,0
55019,'177-6564fed8092d7',1115,,287,3,,,0,14,,287,27,,,0
55019,'178-6564fed80931c',1215,,288,3,,,0
55019,'179-6564fed8092d8',1315,,289,3,,,0,14,,289,27,,,0
55019,'180-6564fed80931b',1429,,290,27,,,0
55019,'73-6564fed8092d1',1945,,291,3,,,0,14,,291,27,,,0
55019,'81-6564fed8092d2',2045,,292,3,,,0,14,,292,27,,,0
71019,'55-6564fed80925b',818,,351,8,,,0
71019,'56-6564fed80925c',1818,,352,8,,,0
71019,'58-6564fed80925e',918,,353,8,,,0
71019,'59-6564fed80925f',1018,,354,8,,,0
71019,'60-6564fed809260',1118,,355,8,,,0
71019,'61-6564fed809261',1218,,356,8,,,0
71019,'62-6564fed809263',1318,,357,8,,,0
71019,'63-6564fed809264',1518,,358,8,,,0
71019,'64-6564fed809265',1618,,359,8,,,0
71019,'65-6564fed809266',1718,,360,8,,,0
