52019,'123-6564fed80928c',655,,229,31,,,0
52019,'124-6564fed80928e',1555,,230,31,,,0
52019,'125-6564fed80928f',1655,,231,31,,,0
52019,'127-6564fed809290',1755,,232,31,,,0
52019,'128-6564fed809291',1855,,233,31,,,0
52019,'129-6564fed809293',755,,234,31,,,0
52019,'130-6564fed809294',855,,235,31,,,0
52019,'131-6564fed809295',955,,236,31,,,0
52019,'132-6564fed809296',1055,,237,31,,,0
52019,'133-6564fed809297',1155,,238,31,,,0
52019,'134-6564fed809299',1255,,239,31,,,0
52019,'135-6564fed80929a',1355,,240,31,,,0
52019,'136-6564fed80929b',1455,,241,31,,,0
52019,'82-6564fed809288',2155,,242,31,,,0
52019,'84-6564fed80928a',1955,,243,31,,,0
52019,'87-6564fed80928b',2055,,244,31,,,0
