50019,'100-6564fed809236',831,,181,2,,,0
50019,'101-6564fed809237',931,,182,2,,,0
50019,'102-6564fed809238',1031,,183,2,,,0
50019,'103-6564fed80923a',1131,,184,2,,,0
50019,'105-6564fed80923b',1231,,185,2,,,0
50019,'106-6564fed80923c',1331,,186,2,,,0
50019,'107-6564fed80923d',1431,,187,2,,,0
50019,'115-6564fed80923f',1931,,188,2,,,0
50019,'13-6564fed809217',1801,,189,2,,,0
50019,'148-6564fed809227',601,,190,2,,,0
50019,'159-6564fed809229',1501,,191,2,,,0
50019,'170-6564fed80922a',1601,,192,2,,,0
50019,'2-6564fed809212',1701,,193,2,,,0
50019,'24-6564fed809219',701,,194,2,,,0
50019,'35-6564fed80921a',801,,195,2,,,0
50019,'46-6564fed80921b',901,,196,2,,,0
50019,'57-6564fed80921d',1001,,197,2,,,0
50019,'68-6564fed80921e',1101,,198,2,,,0
50019,'71-6564fed80922b',2031,,199,2,,,0
50019,'72-6564fed809220',2101,,200,2,,,0
50019,'75-6564fed809221',2001,,201,2,,,0
50019,'79-6564fed809222',1201,,202,2,,,0
50019,'86-6564fed80922d',2131,,203,2,,,0
50019,'89-6564fed809223',1901,,204,2,,,0
50019,'90-6564fed809225',1301,,205,2,,,0
50019,'92-6564fed809226',1401,,206,2,,,0
50019,'94-6564fed80922e',631,,207,2,,,0
50019,'95-6564fed80922f',1531,,208,2,,,0
50019,'96-6564fed809231',1631,,209,2,,,0
50019,'97-6564fed809232',1731,,210,2,,,0
50019,'98-6564fed809233',1831,,211,2,,,0
50019,'99-6564fed809234',731,,212,2,,,0
54019,'153-6564fed8092c0',627,,261,2,,,0
54019,'154-6564fed8092c1',1527,,262,2,,,0
54019,'155-6564fed8092c2',1627,,263,2,,,0
54019,'156-6564fed8092c4',1727,,264,2,,,0
54019,'157-6564fed8092c5',1827,,265,2,,,0
54019,'158-6564fed8092c7',727,,266,2,,,0
54019,'160-6564fed8092c8',827,,267,2,,,0
54019,'161-6564fed8092c9',927,,268,2,,,0
54019,'162-6564fed8092ca',1027,,269,2,,,0
54019,'163-6564fed8092cc',1127,,270,2,,,0
54019,'164-6564fed8092cd',1227,,271,2,,,0
54019,'165-6564fed8092ce',1327,,272,2,,,0
54019,'166-6564fed8092cf',1427,,273,2,,,0
54019,'70-6564fed8092bc',2027,,274,2,,,0
54019,'77-6564fed8092bd',1927,,275,2,,,0
54019,'88-6564fed8092bf',2127,,276,2,,,0
70019,'45-6564fed80924e',849,,341,18,,,0
70019,'47-6564fed80924f',949,,342,18,,,0
70019,'48-6564fed809251',1149,,343,18,,,0
70019,'49-6564fed809252',1249,,344,18,,,0
70019,'50-6564fed809253',1449,,345,18,,,0
70019,'51-6564fed809255',1549,,346,18,,,0
70019,'52-6564fed809256',1649,,347,18,,,0
70019,'53-6564fed809257',1749,,348,18,,,0
70019,'54-6564fed80925a',749,,349,2,,,0
70019,'66-6564fed809258',1049,,350,18,,,0
