50019,'100-6564fed809236',830,,181,1,,,0,23,,181,16,4,,0
50019,'101-6564fed809237',930,,182,1,,,0,23,,182,16,4,,0
50019,'102-6564fed809238',1030,,183,1,,,0,23,,183,16,4,,0
50019,'103-6564fed80923a',1130,,184,1,,,0,23,,184,16,4,,0
50019,'105-6564fed80923b',1230,,185,1,,,0,23,,185,16,4,,0
50019,'106-6564fed80923c',1330,,186,1,,,0,23,,186,16,4,,0
50019,'107-6564fed80923d',1430,,187,1,,,0,23,,187,16,4,,0
50019,'115-6564fed80923f',1930,,188,1,,,0,23,,188,16,4,,0
50019,'13-6564fed809217',1800,,189,1,,,0,24,,189,16,4,,0
50019,'148-6564fed809227',600,,190,1,,,0,24,,190,16,4,,0
50019,'159-6564fed809229',1500,,191,1,,,0,24,,191,16,4,,0
50019,'170-6564fed80922a',1600,,192,1,,,0,24,,192,16,4,,0
50019,'2-6564fed809212',1700,,193,1,,,0,24,,193,16,4,,0
50019,'24-6564fed809219',700,,194,1,,,0,24,,194,16,4,,0
50019,'35-6564fed80921a',800,,195,1,,,0,24,,195,16,4,,0
50019,'46-6564fed80921b',900,,196,1,,,0,24,,196,16,4,,0
50019,'57-6564fed80921d',1000,,197,1,,,0,24,,197,16,4,,0
50019,'68-6564fed80921e',1100,,198,1,,,0,24,,198,16,4,,0
50019,'71-6564fed80922b',2030,,199,1,,,0,23,,199,16,4,,0
50019,'72-6564fed809220',2100,,200,1,,,0,23,,200,16,4,,0
50019,'75-6564fed809221',2000,,201,1,,,0,23,,201,16,4,,0
50019,'79-6564fed809222',1200,,202,1,,,0,24,,202,16,4,,0
50019,'86-6564fed80922d',2130,,203,1,,,0,23,,203,16,4,,0
50019,'89-6564fed809223',1900,,204,1,,,0,23,,204,16,4,,0
50019,'90-6564fed809225',1300,,205,1,,,0,24,,205,16,4,,0
50019,'92-6564fed809226',1400,,206,1,,,0,24,,206,16,4,,0
50019,'94-6564fed80922e',630,,207,1,,,0,23,,207,16,4,,0
50019,'95-6564fed80922f',1530,,208,1,,,0,23,,208,16,4,,0
50019,'96-6564fed809231',1630,,209,1,,,0,23,,209,16,4,,0
50019,'97-6564fed809232',1730,,210,1,,,0,23,,210,16,4,,0
50019,'98-6564fed809233',1830,,211,1,,,0,23,,211,16,4,,0
50019,'99-6564fed809234',730,,212,1,,,0,23,,212,16,4,,0
51019,'108-6564fed809269',600,,213,1,,,0,21,,213,18,4,,0
51019,'109-6564fed80926a',1500,,214,1,,,0,21,,214,18,4,,0
51019,'110-6564fed80926b',1600,,215,1,,,0,21,,215,18,4,,0
51019,'111-6564fed80926d',1700,,216,1,,,0,21,,216,18,4,,0
51019,'112-6564fed80926e',1800,,217,1,,,0,21,,217,18,4,,0
51019,'113-6564fed80926f',1900,,218,1,,,0,21,,218,18,4,,0
51019,'114-6564fed809271',700,,219,1,,,0,21,,219,18,4,,0
51019,'116-6564fed809272',800,,220,1,,,0,21,,220,18,4,,0
51019,'117-6564fed809273',900,,221,1,,,0,21,,221,18,4,,0
51019,'118-6564fed809274',1000,,222,1,,,0,21,,222,18,4,,0
51019,'119-6564fed809276',1100,,223,1,,,0,21,,223,18,4,,0
51019,'120-6564fed809283',1200,,224,1,,,0,21,,224,18,4,,0
51019,'121-6564fed809285',1300,,225,1,,,0,21,,225,18,4,,0
51019,'122-6564fed809286',1400,,226,1,,,0,21,,226,18,4,,0
51019,'126-6564fed809287',2100,,227,1,,,0,21,,227,18,4,,0
51019,'76-6564fed809268',2000,,228,1,,,0,21,,228,18,4,,0
52019,'123-6564fed80928c',623,,229,1,,,0,35,,229,33,4,,0
52019,'124-6564fed80928e',1523,,230,1,,,0,35,,230,33,4,,0
52019,'125-6564fed80928f',1623,,231,1,,,0,35,,231,33,4,,0
52019,'127-6564fed809290',1723,,232,1,,,0,35,,232,33,4,,0
52019,'128-6564fed809291',1823,,233,1,,,0,35,,233,33,4,,0
52019,'129-6564fed809293',723,,234,1,,,0,35,,234,33,4,,0
52019,'130-6564fed809294',823,,235,1,,,0,35,,235,33,4,,0
52019,'131-6564fed809295',923,,236,1,,,0,35,,236,33,4,,0
52019,'132-6564fed809296',1023,,237,1,,,0,35,,237,33,4,,0
52019,'133-6564fed809297',1123,,238,1,,,0,35,,238,33,4,,0
52019,'134-6564fed809299',1223,,239,1,,,0,35,,239,33,4,,0
52019,'135-6564fed80929a',1323,,240,1,,,0,35,,240,33,4,,0
52019,'136-6564fed80929b',1423,,241,1,,,0,35,,241,33,4,,0
52019,'82-6564fed809288',2123,,242,1,,,0,35,,242,33,4,,0
52019,'84-6564fed80928a',1923,,243,1,,,0,35,,243,33,4,,0
52019,'87-6564fed80928b',2023,,244,1,,,0,35,,244,33,4,,0
53019,'138-6564fed80929f',555,,245,1,,,0,72,,245,28,4,,0
53019,'139-6564fed8092a0',1455,,246,1,,,0,72,,246,28,4,,0
53019,'140-6564fed8092a1',1555,,247,1,,,0,72,,247,28,4,,0
53019,'141-6564fed8092a3',1655,,248,1,,,0,72,,248,28,4,,0
53019,'142-6564fed8092a4',1755,,249,1,,,0,72,,249,28,4,,0
53019,'143-6564fed8092a5',1855,,250,1,,,0,72,,250,28,4,,0
53019,'144-6564fed8092a7',655,,251,1,,,0,72,,251,28,4,,0
53019,'145-6564fed8092a8',755,,252,1,,,0,72,,252,28,4,,0
53019,'146-6564fed8092a9',855,,253,1,,,0,72,,253,28,4,,0
53019,'147-6564fed8092aa',955,,254,1,,,0,72,,254,28,4,,0
53019,'149-6564fed8092b7',1055,,255,1,,,0,72,,255,28,4,,0
53019,'150-6564fed8092b8',1155,,256,1,,,0,72,,256,28,4,,0
53019,'151-6564fed8092ba',1255,,257,1,,,0,72,,257,28,4,,0
53019,'152-6564fed8092bb',1355,,258,1,,,0,72,,258,28,4,,0
53019,'69-6564fed80929c',1955,,259,1,,,0,72,,259,28,4,,0
53019,'91-6564fed80929e',2055,,260,1,,,0,72,,260,28,4,,0
54019,'153-6564fed8092c0',626,,261,1,,,0,31,,261,28,4,,0
54019,'154-6564fed8092c1',1526,,262,1,,,0,31,,262,28,4,,0
54019,'155-6564fed8092c2',1626,,263,1,,,0,31,,263,28,4,,0
54019,'156-6564fed8092c4',1726,,264,1,,,0,31,,264,28,4,,0
54019,'157-6564fed8092c5',1826,,265,1,,,0,31,,265,28,4,,0
54019,'158-6564fed8092c7',726,,266,1,,,0,31,,266,28,4,,0
54019,'160-6564fed8092c8',826,,267,1,,,0,31,,267,28,4,,0
54019,'161-6564fed8092c9',926,,268,1,,,0,31,,268,28,4,,0
54019,'162-6564fed8092ca',1026,,269,1,,,0,31,,269,28,4,,0
54019,'163-6564fed8092cc',1126,,270,1,,,0,31,,270,28,4,,0
54019,'164-6564fed8092cd',1226,,271,1,,,0,31,,271,28,4,,0
54019,'165-6564fed8092ce',1326,,272,1,,,0,31,,272,28,4,,0
54019,'166-6564fed8092cf',1426,,273,1,,,0,31,,273,28,4,,0
54019,'70-6564fed8092bc',2026,,274,1,,,0,31,,274,28,4,,0
54019,'77-6564fed8092bd',1926,,275,1,,,0,31,,275,28,4,,0
54019,'88-6564fed8092bf',2126,,276,1,,,0,31,,276,28,4,,0
56019,'10-6564fed809327',910,,293,1,,,0,17,,293,22,4,,0
56019,'11-6564fed809328',1010,,294,1,,,0,17,,294,22,4,,0
56019,'12-6564fed809329',1110,,295,1,,,0,17,,295,22,4,,0
56019,'14-6564fed80932b',1210,,296,1,,,0,17,,296,22,4,,0
56019,'15-6564fed80932c',1310,,297,1,,,0,17,,297,22,4,,0
56019,'16-6564fed80932d',1410,,298,1,,,0,17,,298,22,4,,0
56019,'3-6564fed80931e',610,,299,1,,,0,17,,299,22,4,,0
56019,'4-6564fed80931f',1510,,300,1,,,0,17,,300,22,4,,0
56019,'5-6564fed809320',1610,,301,1,,,0,17,,301,22,4,,0
56019,'6-6564fed809322',1710,,302,1,,,0,17,,302,22,4,,0
56019,'7-6564fed809323',1810,,303,1,,,0,17,,303,22,4,,0
56019,'78-6564fed80932f',1910,,304,1,,,0,17,,304,22,4,,0
56019,'8-6564fed809324',710,,305,1,,,0,17,,305,22,4,,0
56019,'80-6564fed809330',2110,,306,1,,,0,17,,306,22,4,,0
56019,'9-6564fed809325',810,,307,1,,,0,17,,307,22,4,,0
56019,'93-6564fed809331',2010,,308,1,,,0,17,,308,22,4,,0
57019,'104-6564fed809352',1930,,309,1,,,0,78,,309,36,4,,0
57019,'17-6564fed809333',630,,310,1,,,0,78,,310,36,4,,0
57019,'18-6564fed809334',1530,,311,1,,,0,78,,311,36,4,,0
57019,'19-6564fed809335',1630,,312,1,,,0,78,,312,36,4,,0
57019,'20-6564fed809336',1730,,313,1,,,0,78,,313,36,4,,0
57019,'21-6564fed809338',1830,,314,1,,,0,78,,314,36,4,,0
57019,'22-6564fed809339',730,,315,1,,,0,78,,315,36,4,,0
57019,'23-6564fed80933b',830,,316,1,,,0,78,,316,36,4,,0
57019,'25-6564fed80933c',930,,317,1,,,0,78,,317,36,4,,0
57019,'26-6564fed80933d',1030,,318,1,,,0,78,,318,36,4,,0
57019,'27-6564fed80933e',1130,,319,1,,,0,78,,319,36,4,,0
57019,'28-6564fed809340',1230,,320,1,,,0,78,,320,36,4,,0
57019,'29-6564fed809341',1330,,321,1,,,0,78,,321,36,4,,0
57019,'30-6564fed80934e',1430,,322,1,,,0,78,,322,36,4,,0
57019,'67-6564fed80934f',2130,,323,1,,,0,78,,323,36,4,,0
57019,'74-6564fed809350',2030,,324,1,,,0,78,,324,36,4,,0
70019,'45-6564fed80924e',843,,341,17,,,0
70019,'47-6564fed80924f',943,,342,17,,,0
70019,'48-6564fed809251',1143,,343,17,,,0
70019,'49-6564fed809252',1243,,344,17,,,0
70019,'50-6564fed809253',1443,,345,17,,,0
70019,'51-6564fed809255',1543,,346,17,,,0
70019,'52-6564fed809256',1643,,347,17,,,0
70019,'53-6564fed809257',1743,,348,17,,,0
70019,'54-6564fed80925a',748,,349,1,,,0
70019,'66-6564fed809258',1043,,350,17,,,0
