54019,'153-6564fed8092c0',629,,261,5,,,0
54019,'154-6564fed8092c1',1529,,262,5,,,0
54019,'155-6564fed8092c2',1629,,263,5,,,0
54019,'156-6564fed8092c4',1729,,264,5,,,0
54019,'157-6564fed8092c5',1829,,265,5,,,0
54019,'158-6564fed8092c7',729,,266,5,,,0
54019,'160-6564fed8092c8',829,,267,5,,,0
54019,'161-6564fed8092c9',929,,268,5,,,0
54019,'162-6564fed8092ca',1029,,269,5,,,0
54019,'163-6564fed8092cc',1129,,270,5,,,0
54019,'164-6564fed8092cd',1229,,271,5,,,0
54019,'165-6564fed8092ce',1329,,272,5,,,0
54019,'166-6564fed8092cf',1429,,273,5,,,0
54019,'70-6564fed8092bc',2029,,274,5,,,0
54019,'77-6564fed8092bd',1929,,275,5,,,0
54019,'88-6564fed8092bf',2129,,276,5,,,0
