55019,'137-6564fed8092d3',2141,,277,2,,,0
55019,'167-6564fed8092da',611,,278,2,,,0
55019,'168-6564fed8092df',1540,,279,2,,,0
55019,'169-6564fed809316',1640,,280,2,,,0
55019,'171-6564fed80931a',1740,,281,2,,,0
55019,'172-6564fed8092d5',1841,,282,2,,,0
55019,'173-6564fed8092db',711,,283,2,,,0
55019,'174-6564fed8092dc',811,,284,2,,,0
55019,'175-6564fed8092dd',911,,285,2,,,0
55019,'176-6564fed8092d6',1011,,286,2,,,0
55019,'177-6564fed8092d7',1111,,287,2,,,0
55019,'178-6564fed80931c',1211,,288,2,,,0
55019,'179-6564fed8092d8',1311,,289,2,,,0
55019,'180-6564fed80931b',1410,,290,2,,,0
55019,'73-6564fed8092d1',1941,,291,2,,,0
55019,'81-6564fed8092d2',2041,,292,2,,,0
