52019,'123-6564fed80928c',634,,229,10,,,0
52019,'124-6564fed80928e',1534,,230,10,,,0
52019,'125-6564fed80928f',1634,,231,10,,,0
52019,'127-6564fed809290',1734,,232,10,,,0
52019,'128-6564fed809291',1834,,233,10,,,0
52019,'129-6564fed809293',734,,234,10,,,0
52019,'130-6564fed809294',834,,235,10,,,0
52019,'131-6564fed809295',934,,236,10,,,0
52019,'132-6564fed809296',1034,,237,10,,,0
52019,'133-6564fed809297',1134,,238,10,,,0
52019,'134-6564fed809299',1234,,239,10,,,0
52019,'135-6564fed80929a',1334,,240,10,,,0
52019,'136-6564fed80929b',1434,,241,10,,,0
52019,'82-6564fed809288',2134,,242,10,,,0
52019,'84-6564fed80928a',1934,,243,10,,,0
52019,'87-6564fed80928b',2034,,244,10,,,0
