60019,'1-6564fed809353',2025,,325,11,,,0
60019,'31-6564fed809354',655,,326,11,,,0
60019,'32-6564fed809355',1525,,327,11,,,0
60019,'33-6564fed809357',1625,,328,11,,,0
60019,'34-6564fed809358',1725,,329,11,,,0
60019,'36-6564fed809359',1825,,330,11,,,0
60019,'37-6564fed80935b',755,,331,11,,,0
60019,'38-6564fed80935c',855,,332,11,,,0
60019,'39-6564fed80935d',955,,333,11,,,0
60019,'40-6564fed80935e',1055,,334,11,,,0
60019,'41-6564fed809360',1155,,335,11,,,0
60019,'42-6564fed809361',1255,,336,11,,,0
60019,'43-6564fed809362',1355,,337,11,,,0
60019,'44-6564fed809363',1455,,338,11,,,0
60019,'83-6564fed809365',2125,,339,11,,,0
60019,'85-6564fed809366',1925,,340,11,,,0
