51019,'108-6564fed809269',620,,213,17,,,0
51019,'109-6564fed80926a',1520,,214,17,,,0
51019,'110-6564fed80926b',1620,,215,17,,,0
51019,'111-6564fed80926d',1720,,216,17,,,0
51019,'112-6564fed80926e',1820,,217,17,,,0
51019,'113-6564fed80926f',1920,,218,17,,,0
51019,'114-6564fed809271',720,,219,17,,,0
51019,'116-6564fed809272',820,,220,17,,,0
51019,'117-6564fed809273',920,,221,17,,,0
51019,'118-6564fed809274',1020,,222,17,,,0
51019,'119-6564fed809276',1120,,223,17,,,0
51019,'120-6564fed809283',1220,,224,17,,,0
51019,'121-6564fed809285',1320,,225,17,,,0
51019,'122-6564fed809286',1420,,226,17,,,0
51019,'126-6564fed809287',2120,,227,17,,,0
51019,'76-6564fed809268',2020,,228,17,,,0
52019,'123-6564fed80928c',657,,229,32,,,0
52019,'124-6564fed80928e',1557,,230,32,,,0
52019,'125-6564fed80928f',1657,,231,32,,,0
52019,'127-6564fed809290',1757,,232,32,,,0
52019,'128-6564fed809291',1857,,233,32,,,0
52019,'129-6564fed809293',757,,234,32,,,0
52019,'130-6564fed809294',857,,235,32,,,0
52019,'131-6564fed809295',957,,236,32,,,0
52019,'132-6564fed809296',1057,,237,32,,,0
52019,'133-6564fed809297',1157,,238,32,,,0
52019,'134-6564fed809299',1257,,239,32,,,0
52019,'135-6564fed80929a',1357,,240,32,,,0
52019,'136-6564fed80929b',1457,,241,32,,,0
52019,'82-6564fed809288',2157,,242,32,,,0
52019,'84-6564fed80928a',1957,,243,32,,,0
52019,'87-6564fed80928b',2057,,244,32,,,0
56019,'10-6564fed809327',926,,293,21,,,0
56019,'11-6564fed809328',1026,,294,21,,,0
56019,'12-6564fed809329',1126,,295,21,,,0
56019,'14-6564fed80932b',1226,,296,21,,,0
56019,'15-6564fed80932c',1326,,297,21,,,0
56019,'16-6564fed80932d',1426,,298,21,,,0
56019,'3-6564fed80931e',626,,299,21,,,0
56019,'4-6564fed80931f',1526,,300,21,,,0
56019,'5-6564fed809320',1626,,301,21,,,0
56019,'6-6564fed809322',1726,,302,21,,,0
56019,'7-6564fed809323',1826,,303,21,,,0
56019,'78-6564fed80932f',1926,,304,21,,,0
56019,'8-6564fed809324',726,,305,21,,,0
56019,'80-6564fed809330',2126,,306,21,,,0
56019,'9-6564fed809325',826,,307,21,,,0
56019,'93-6564fed809331',2026,,308,21,,,0
