51019,'108-6564fed809269',614,,213,14,,,0
51019,'109-6564fed80926a',1514,,214,14,,,0
51019,'110-6564fed80926b',1614,,215,14,,,0
51019,'111-6564fed80926d',1714,,216,14,,,0
51019,'112-6564fed80926e',1814,,217,14,,,0
51019,'113-6564fed80926f',1914,,218,14,,,0
51019,'114-6564fed809271',714,,219,14,,,0
51019,'116-6564fed809272',814,,220,14,,,0
51019,'117-6564fed809273',914,,221,14,,,0
51019,'118-6564fed809274',1014,,222,14,,,0
51019,'119-6564fed809276',1114,,223,14,,,0
51019,'120-6564fed809283',1214,,224,14,,,0
51019,'121-6564fed809285',1314,,225,14,,,0
51019,'122-6564fed809286',1414,,226,14,,,0
51019,'126-6564fed809287',2114,,227,14,,,0
51019,'76-6564fed809268',2014,,228,14,,,0
