54019,'153-6564fed8092c0',645,,261,18,,,0
54019,'154-6564fed8092c1',1545,,262,18,,,0
54019,'155-6564fed8092c2',1645,,263,18,,,0
54019,'156-6564fed8092c4',1745,,264,18,,,0
54019,'157-6564fed8092c5',1845,,265,18,,,0
54019,'158-6564fed8092c7',745,,266,18,,,0
54019,'160-6564fed8092c8',845,,267,18,,,0
54019,'161-6564fed8092c9',945,,268,18,,,0
54019,'162-6564fed8092ca',1045,,269,18,,,0
54019,'163-6564fed8092cc',1145,,270,18,,,0
54019,'164-6564fed8092cd',1245,,271,18,,,0
54019,'165-6564fed8092ce',1345,,272,18,,,0
54019,'166-6564fed8092cf',1445,,273,18,,,0
54019,'70-6564fed8092bc',2045,,274,18,,,0
54019,'77-6564fed8092bd',1945,,275,18,,,0
54019,'88-6564fed8092bf',2145,,276,18,,,0
