53019,'138-6564fed80929f',615,,245,20,,,0
53019,'139-6564fed8092a0',1515,,246,20,,,0
53019,'140-6564fed8092a1',1615,,247,20,,,0
53019,'141-6564fed8092a3',1715,,248,20,,,0
53019,'142-6564fed8092a4',1815,,249,20,,,0
53019,'143-6564fed8092a5',1915,,250,20,,,0
53019,'144-6564fed8092a7',715,,251,20,,,0
53019,'145-6564fed8092a8',815,,252,20,,,0
53019,'146-6564fed8092a9',915,,253,20,,,0
53019,'147-6564fed8092aa',1015,,254,20,,,0
53019,'149-6564fed8092b7',1115,,255,20,,,0
53019,'150-6564fed8092b8',1215,,256,20,,,0
53019,'151-6564fed8092ba',1315,,257,20,,,0
53019,'152-6564fed8092bb',1415,,258,20,,,0
53019,'69-6564fed80929c',2015,,259,20,,,0
53019,'91-6564fed80929e',2115,,260,20,,,0
