53019,'138-6564fed80929f',613,,245,18,,,0
53019,'139-6564fed8092a0',1513,,246,18,,,0
53019,'140-6564fed8092a1',1613,,247,18,,,0
53019,'141-6564fed8092a3',1713,,248,18,,,0
53019,'142-6564fed8092a4',1813,,249,18,,,0
53019,'143-6564fed8092a5',1913,,250,18,,,0
53019,'144-6564fed8092a7',713,,251,18,,,0
53019,'145-6564fed8092a8',813,,252,18,,,0
53019,'146-6564fed8092a9',913,,253,18,,,0
53019,'147-6564fed8092aa',1013,,254,18,,,0
53019,'149-6564fed8092b7',1113,,255,18,,,0
53019,'150-6564fed8092b8',1213,,256,18,,,0
53019,'151-6564fed8092ba',1313,,257,18,,,0
53019,'152-6564fed8092bb',1413,,258,18,,,0
53019,'69-6564fed80929c',2013,,259,18,,,0
53019,'91-6564fed80929e',2113,,260,18,,,0
