60019,'1-6564fed809353',2026,,325,12,,,0
60019,'31-6564fed809354',656,,326,12,,,0
60019,'32-6564fed809355',1526,,327,12,,,0
60019,'33-6564fed809357',1626,,328,12,,,0
60019,'34-6564fed809358',1726,,329,12,,,0
60019,'36-6564fed809359',1826,,330,12,,,0
60019,'37-6564fed80935b',756,,331,12,,,0
60019,'38-6564fed80935c',856,,332,12,,,0
60019,'39-6564fed80935d',956,,333,12,,,0
60019,'40-6564fed80935e',1056,,334,12,,,0
60019,'41-6564fed809360',1156,,335,12,,,0
60019,'42-6564fed809361',1256,,336,12,,,0
60019,'43-6564fed809362',1356,,337,12,,,0
60019,'44-6564fed809363',1456,,338,12,,,0
60019,'83-6564fed809365',2126,,339,12,,,0
60019,'85-6564fed809366',1926,,340,12,,,0
