60019,'1-6564fed809353',2019,,325,7,,,0
60019,'31-6564fed809354',649,,326,7,,,0
60019,'32-6564fed809355',1519,,327,7,,,0
60019,'33-6564fed809357',1619,,328,7,,,0
60019,'34-6564fed809358',1719,,329,7,,,0
60019,'36-6564fed809359',1819,,330,7,,,0
60019,'37-6564fed80935b',749,,331,7,,,0
60019,'38-6564fed80935c',849,,332,7,,,0
60019,'39-6564fed80935d',949,,333,7,,,0
60019,'40-6564fed80935e',1049,,334,7,,,0
60019,'41-6564fed809360',1149,,335,7,,,0
60019,'42-6564fed809361',1249,,336,7,,,0
60019,'43-6564fed809362',1349,,337,7,,,0
60019,'44-6564fed809363',1449,,338,7,,,0
60019,'83-6564fed809365',2119,,339,7,,,0
60019,'85-6564fed809366',1919,,340,7,,,0
