53019,'138-6564fed80929f',606,,245,12,,,0
53019,'139-6564fed8092a0',1506,,246,12,,,0
53019,'140-6564fed8092a1',1606,,247,12,,,0
53019,'141-6564fed8092a3',1706,,248,12,,,0
53019,'142-6564fed8092a4',1806,,249,12,,,0
53019,'143-6564fed8092a5',1906,,250,12,,,0
53019,'144-6564fed8092a7',706,,251,12,,,0
53019,'145-6564fed8092a8',806,,252,12,,,0
53019,'146-6564fed8092a9',906,,253,12,,,0
53019,'147-6564fed8092aa',1006,,254,12,,,0
53019,'149-6564fed8092b7',1106,,255,12,,,0
53019,'150-6564fed8092b8',1206,,256,12,,,0
53019,'151-6564fed8092ba',1306,,257,12,,,0
53019,'152-6564fed8092bb',1406,,258,12,,,0
53019,'69-6564fed80929c',2006,,259,12,,,0
53019,'91-6564fed80929e',2106,,260,12,,,0
