57019,'104-6564fed809352',1938,,309,11,,,0
57019,'17-6564fed809333',638,,310,11,,,0
57019,'18-6564fed809334',1538,,311,11,,,0
57019,'19-6564fed809335',1638,,312,11,,,0
57019,'20-6564fed809336',1738,,313,11,,,0
57019,'21-6564fed809338',1838,,314,11,,,0
57019,'22-6564fed809339',738,,315,11,,,0
57019,'23-6564fed80933b',838,,316,11,,,0
57019,'25-6564fed80933c',938,,317,11,,,0
57019,'26-6564fed80933d',1038,,318,11,,,0
57019,'27-6564fed80933e',1138,,319,11,,,0
57019,'28-6564fed809340',1238,,320,11,,,0
57019,'29-6564fed809341',1338,,321,11,,,0
57019,'30-6564fed80934e',1438,,322,11,,,0
57019,'67-6564fed80934f',2138,,323,11,,,0
57019,'74-6564fed809350',2038,,324,11,,,0
