57019,'104-6564fed809352',1933,,309,4,,,0
57019,'17-6564fed809333',633,,310,4,,,0
57019,'18-6564fed809334',1533,,311,4,,,0
57019,'19-6564fed809335',1633,,312,4,,,0
57019,'20-6564fed809336',1733,,313,4,,,0
57019,'21-6564fed809338',1833,,314,4,,,0
57019,'22-6564fed809339',733,,315,4,,,0
57019,'23-6564fed80933b',833,,316,4,,,0
57019,'25-6564fed80933c',933,,317,4,,,0
57019,'26-6564fed80933d',1033,,318,4,,,0
57019,'27-6564fed80933e',1133,,319,4,,,0
57019,'28-6564fed809340',1233,,320,4,,,0
57019,'29-6564fed809341',1333,,321,4,,,0
57019,'30-6564fed80934e',1433,,322,4,,,0
57019,'67-6564fed80934f',2133,,323,4,,,0
57019,'74-6564fed809350',2033,,324,4,,,0
