60019,'1-6564fed809353',2031,,325,18,,,0
60019,'31-6564fed809354',701,,326,18,,,0
60019,'32-6564fed809355',1531,,327,18,,,0
60019,'33-6564fed809357',1631,,328,18,,,0
60019,'34-6564fed809358',1731,,329,18,,,0
60019,'36-6564fed809359',1831,,330,18,,,0
60019,'37-6564fed80935b',801,,331,18,,,0
60019,'38-6564fed80935c',901,,332,18,,,0
60019,'39-6564fed80935d',1001,,333,18,,,0
60019,'40-6564fed80935e',1101,,334,18,,,0
60019,'41-6564fed809360',1201,,335,18,,,0
60019,'42-6564fed809361',1301,,336,18,,,0
60019,'43-6564fed809362',1401,,337,18,,,0
60019,'44-6564fed809363',1501,,338,18,,,0
60019,'83-6564fed809365',2131,,339,18,,,0
60019,'85-6564fed809366',1931,,340,18,,,0
