57019,'104-6564fed809352',2003,,309,33,,,0
57019,'17-6564fed809333',703,,310,33,,,0
57019,'18-6564fed809334',1603,,311,33,,,0
57019,'19-6564fed809335',1703,,312,33,,,0
57019,'20-6564fed809336',1803,,313,33,,,0
57019,'21-6564fed809338',1903,,314,33,,,0
57019,'22-6564fed809339',803,,315,33,,,0
57019,'23-6564fed80933b',903,,316,33,,,0
57019,'25-6564fed80933c',1003,,317,33,,,0
57019,'26-6564fed80933d',1103,,318,33,,,0
57019,'27-6564fed80933e',1203,,319,33,,,0
57019,'28-6564fed809340',1303,,320,33,,,0
57019,'29-6564fed809341',1403,,321,33,,,0
57019,'30-6564fed80934e',1503,,322,33,,,0
57019,'67-6564fed80934f',2203,,323,33,,,0
57019,'74-6564fed809350',2103,,324,33,,,0
