54019,'153-6564fed8092c0',630,,261,7,,,0
54019,'154-6564fed8092c1',1530,,262,7,,,0
54019,'155-6564fed8092c2',1630,,263,7,,,0
54019,'156-6564fed8092c4',1730,,264,7,,,0
54019,'157-6564fed8092c5',1830,,265,7,,,0
54019,'158-6564fed8092c7',730,,266,7,,,0
54019,'160-6564fed8092c8',830,,267,7,,,0
54019,'161-6564fed8092c9',930,,268,7,,,0
54019,'162-6564fed8092ca',1030,,269,7,,,0
54019,'163-6564fed8092cc',1130,,270,7,,,0
54019,'164-6564fed8092cd',1230,,271,7,,,0
54019,'165-6564fed8092ce',1330,,272,7,,,0
54019,'166-6564fed8092cf',1430,,273,7,,,0
54019,'70-6564fed8092bc',2030,,274,7,,,0
54019,'77-6564fed8092bd',1930,,275,7,,,0
54019,'88-6564fed8092bf',2130,,276,7,,,0
