55019,'137-6564fed8092d3',2153,,277,14,,,0
55019,'167-6564fed8092da',626,,278,38,,,0
55019,'168-6564fed8092df',1551,,279,14,,,0
55019,'169-6564fed809316',1651,,280,14,,,0
55019,'171-6564fed80931a',1751,,281,14,,,0
55019,'172-6564fed8092d5',1853,,282,14,,,0
55019,'173-6564fed8092db',726,,283,38,,,0
55019,'174-6564fed8092dc',826,,284,38,,,0
55019,'175-6564fed8092dd',926,,285,38,,,0
55019,'176-6564fed8092d6',1023,,286,14,,,0
55019,'177-6564fed8092d7',1123,,287,14,,,0
55019,'178-6564fed80931c',1223,,288,14,,,0
55019,'179-6564fed8092d8',1323,,289,14,,,0
55019,'180-6564fed80931b',1421,,290,14,,,0
55019,'73-6564fed8092d1',1953,,291,14,,,0
55019,'81-6564fed8092d2',2053,,292,14,,,0
