57019,'104-6564fed809352',1931,,309,2,,,0
57019,'17-6564fed809333',631,,310,2,,,0
57019,'18-6564fed809334',1531,,311,2,,,0
57019,'19-6564fed809335',1631,,312,2,,,0
57019,'20-6564fed809336',1731,,313,2,,,0
57019,'21-6564fed809338',1831,,314,2,,,0
57019,'22-6564fed809339',731,,315,2,,,0
57019,'23-6564fed80933b',831,,316,2,,,0
57019,'25-6564fed80933c',931,,317,2,,,0
57019,'26-6564fed80933d',1031,,318,2,,,0
57019,'27-6564fed80933e',1131,,319,2,,,0
57019,'28-6564fed809340',1231,,320,2,,,0
57019,'29-6564fed809341',1331,,321,2,,,0
57019,'30-6564fed80934e',1431,,322,2,,,0
57019,'67-6564fed80934f',2131,,323,2,,,0
57019,'74-6564fed809350',2031,,324,2,,,0
