51019,'108-6564fed809269',609,,213,11,,,0
51019,'109-6564fed80926a',1509,,214,11,,,0
51019,'110-6564fed80926b',1609,,215,11,,,0
51019,'111-6564fed80926d',1709,,216,11,,,0
51019,'112-6564fed80926e',1809,,217,11,,,0
51019,'113-6564fed80926f',1909,,218,11,,,0
51019,'114-6564fed809271',709,,219,11,,,0
51019,'116-6564fed809272',809,,220,11,,,0
51019,'117-6564fed809273',909,,221,11,,,0
51019,'118-6564fed809274',1009,,222,11,,,0
51019,'119-6564fed809276',1109,,223,11,,,0
51019,'120-6564fed809283',1209,,224,11,,,0
51019,'121-6564fed809285',1309,,225,11,,,0
51019,'122-6564fed809286',1409,,226,11,,,0
51019,'126-6564fed809287',2109,,227,11,,,0
51019,'76-6564fed809268',2009,,228,11,,,0
