52019,'123-6564fed80928c',638,,229,15,,,0
52019,'124-6564fed80928e',1538,,230,15,,,0
52019,'125-6564fed80928f',1638,,231,15,,,0
52019,'127-6564fed809290',1738,,232,15,,,0
52019,'128-6564fed809291',1838,,233,15,,,0
52019,'129-6564fed809293',738,,234,15,,,0
52019,'130-6564fed809294',838,,235,15,,,0
52019,'131-6564fed809295',938,,236,15,,,0
52019,'132-6564fed809296',1038,,237,15,,,0
52019,'133-6564fed809297',1138,,238,15,,,0
52019,'134-6564fed809299',1238,,239,15,,,0
52019,'135-6564fed80929a',1338,,240,15,,,0
52019,'136-6564fed80929b',1438,,241,15,,,0
52019,'82-6564fed809288',2138,,242,15,,,0
52019,'84-6564fed80928a',1938,,243,15,,,0
52019,'87-6564fed80928b',2038,,244,15,,,0
