56019,'10-6564fed809327',923,,293,19,,,0
56019,'11-6564fed809328',1023,,294,19,,,0
56019,'12-6564fed809329',1123,,295,19,,,0
56019,'14-6564fed80932b',1223,,296,19,,,0
56019,'15-6564fed80932c',1323,,297,19,,,0
56019,'16-6564fed80932d',1423,,298,19,,,0
56019,'3-6564fed80931e',623,,299,19,,,0
56019,'4-6564fed80931f',1523,,300,19,,,0
56019,'5-6564fed809320',1623,,301,19,,,0
56019,'6-6564fed809322',1723,,302,19,,,0
56019,'7-6564fed809323',1823,,303,19,,,0
56019,'78-6564fed80932f',1923,,304,19,,,0
56019,'8-6564fed809324',723,,305,19,,,0
56019,'80-6564fed809330',2123,,306,19,,,0
56019,'9-6564fed809325',823,,307,19,,,0
56019,'93-6564fed809331',2023,,308,19,,,0
