57019,'104-6564fed809352',2004,,309,34,,,0
57019,'17-6564fed809333',704,,310,34,,,0
57019,'18-6564fed809334',1604,,311,34,,,0
57019,'19-6564fed809335',1704,,312,34,,,0
57019,'20-6564fed809336',1804,,313,34,,,0
57019,'21-6564fed809338',1904,,314,34,,,0
57019,'22-6564fed809339',804,,315,34,,,0
57019,'23-6564fed80933b',904,,316,34,,,0
57019,'25-6564fed80933c',1004,,317,34,,,0
57019,'26-6564fed80933d',1104,,318,34,,,0
57019,'27-6564fed80933e',1204,,319,34,,,0
57019,'28-6564fed809340',1304,,320,34,,,0
57019,'29-6564fed809341',1404,,321,34,,,0
57019,'30-6564fed80934e',1504,,322,34,,,0
57019,'67-6564fed80934f',2204,,323,34,,,0
57019,'74-6564fed809350',2104,,324,34,,,0
