50019,73996,1,0,0
50019,73765,2,0,0
50019,73766,3,0,0
50019,73767,4,0,0
50019,73768,5,0,0
50019,73769,6,0,0
50019,73770,7,0,0
50019,73771,8,0,0
50019,73772,9,0,0
50019,73700,10,0,0
50019,73773,11,0,0
50019,73774,12,0,0
50019,73775,13,0,0
50019,73776,14,0,0
50019,73777,15,0,0
51019,73996,1,0,0
51019,73702,2,0,0
51019,73703,3,0,0
51019,73704,4,0,0
51019,73705,5,0,0
51019,73706,6,0,0
51019,73707,7,0,0
51019,73708,8,0,0
51019,73709,9,0,0
51019,73710,10,0,0
51019,73711,11,0,0
51019,73712,12,0,0
51019,73713,13,0,0
51019,73714,14,0,0
51019,73715,15,0,0
51019,73716,16,0,0
51019,73717,17,0,0
52019,73996,1,0,0
52019,73718,2,0,0
52019,73719,3,0,0
52019,73624,4,0,0
52019,73906,5,0,0
52019,73615,6,0,0
52019,73600,7,0,0
52019,73720,8,0,0
52019,73721,9,0,0
52019,73722,10,0,0
52019,73723,11,0,0
52019,73724,12,0,0
52019,73725,13,0,0
52019,73726,14,0,0
52019,73727,15,0,0
52019,73728,16,0,0
52019,73729,17,0,0
52019,73730,18,0,0
52019,73731,19,0,0
52019,73732,20,0,0
52019,73733,21,0,0
52019,73734,22,0,0
52019,73735,23,0,0
52019,73736,24,0,0
52019,73737,25,0,0
52019,73738,26,0,0
52019,73907,27,0,0
52019,73623,28,0,0
52019,73739,29,0,0
52019,73717,30,0,0
53019,73996,1,0,0
53019,73702,2,0,0
53019,73740,3,0,0
53019,73741,4,0,0
53019,73742,5,0,0
53019,73743,6,0,0
53019,73744,7,0,0
53019,73745,8,0,0
53019,73746,9,0,0
53019,73747,10,0,0
53019,73748,11,0,0
53019,73749,12,0,0
53019,73750,13,0,0
53019,73751,14,0,0
53019,73752,15,0,0
53019,73753,16,0,0
53019,73754,17,0,0
53019,73755,18,0,0
53019,73756,19,0,0
53019,73757,20,0,0
53019,73758,21,0,0
53019,73759,22,0,0
53019,73760,23,0,0
53019,73761,24,0,0
53019,73762,25,0,0
53019,73763,26,0,0
53019,73764,27,0,0
54019,73996,1,0,0
54019,73765,2,0,0
54019,73780,3,0,0
54019,73781,4,0,0
54019,73782,5,0,0
54019,73783,6,0,0
54019,73784,7,0,0
54019,73785,8,0,0
54019,73646,9,0,0
54019,73786,10,0,0
54019,73787,11,0,0
54019,73788,12,0,0
54019,73771,13,0,0
54019,73772,14,0,0
54019,73700,15,0,0
54019,73773,16,0,0
54019,73789,17,0,0
54019,73790,18,0,0
54019,73791,19,0,0
54019,73792,20,0,0
54019,73793,21,0,0
54019,73794,22,0,0
54019,73795,23,0,0
54019,73796,24,0,0
54019,73797,25,0,0
54019,73798,26,0,0
54019,73777,27,0,0
55019,73700,1,0,0
55019,79998,2,0,0
55019,79997,3,0,0
55019,73681,4,0,0
55019,73697,5,0,0
55019,73698,6,0,0
55019,73699,7,0,0
55019,79994,8,0,0
55019,79995,9,0,0
55019,79996,10,0,0
55019,73682,11,0,0
55019,73683,12,0,0
55019,73684,13,0,0
55019,73685,14,0,0
55019,73686,15,0,0
55019,73687,16,0,0
55019,73688,17,0,0
55019,73689,18,0,0
55019,73690,19,0,0
55019,73691,20,0,0
55019,73692,21,0,0
55019,73693,22,0,0
55019,73694,23,0,0
55019,73695,24,0,0
55019,73696,25,0,0
55019,79993,26,0,0
55019,73701,27,0,0
55019,79999,28,0,0
56019,73996,1,0,0
56019,73807,2,0,0
56019,73808,3,0,0
56019,73809,4,0,0
56019,73810,5,0,0
56019,73811,6,0,0
56019,73812,7,0,0
56019,73813,8,0,0
56019,73814,9,0,0
56019,73815,10,0,0
56019,73816,11,0,0
56019,73817,12,0,0
56019,73818,13,0,0
56019,73819,14,0,0
56019,73820,15,0,0
56019,73821,16,0,0
56019,73648,17,0,0
56019,73649,18,0,0
56019,73650,19,0,0
56019,73651,20,0,0
56019,73717,21,0,0
57019,73996,1,0,0
57019,73679,2,0,0
57019,73680,3,0,0
57019,73652,4,0,0
57019,73653,5,0,0
57019,73654,6,0,0
57019,73655,7,0,0
57019,73656,8,0,0
57019,73657,9,0,0
57019,73658,10,0,0
57019,73659,11,0,0
57019,73588,12,0,0
57019,73660,13,0,0
57019,73661,14,0,0
57019,73662,15,0,0
57019,73663,16,0,0
57019,73664,17,0,0
57019,73772,18,0,0
57019,73700,19,0,0
57019,73773,20,0,0
57019,73771,21,0,0
57019,73678,22,0,0
57019,73677,23,0,0
57019,73676,24,0,0
57019,73675,25,0,0
57019,73587,26,0,0
57019,73674,27,0,0
57019,73673,28,0,0
57019,73672,29,0,0
57019,73671,30,0,0
57019,73670,31,0,0
57019,73669,32,0,0
57019,73668,33,0,0
57019,73667,34,0,0
57019,73666,35,0,0
60019,73700,1,0,0
60019,73799,2,0,0
60019,73801,3,0,0
60019,73645,4,0,0
60019,73793,5,0,0
60019,73622,6,0,0
60019,73620,7,0,0
60019,73618,8,0,0
60019,73802,9,0,0
60019,73600,10,0,0
60019,73803,11,0,0
60019,73617,12,0,0
60019,73619,13,0,0
60019,73590,14,0,0
60019,73804,15,0,0
60019,73785,16,0,0
60019,73646,17,0,0
60019,73805,18,0,0
60019,73806,19,0,0
70019,73700,1,0,0
70019,73773,2,0,0
70019,73774,3,0,0
70019,73779,4,0,0
70019,73778,5,0,0
70019,73776,6,0,0
70019,73777,7,0,0
70019,73996,8,0,0
70019,73765,9,0,0
70019,73766,10,0,0
70019,73767,11,0,0
70019,73768,12,0,0
70019,73769,13,0,0
70019,73770,14,0,0
70019,73771,15,0,0
70019,73772,16,0,0
71019,73700,1,0,0
71019,73676,2,0,0
71019,73675,3,0,0
71019,73674,4,0,0
71019,73665,5,0,0
71019,73589,6,0,0
71019,73800,7,0,0
71019,73697,8,0,0
71019,73698,9,0,0
71019,73699,10,0,0
71019,73701,11,0,0
