54019,'153-6564fed8092c0',644,,261,17,,,0
54019,'154-6564fed8092c1',1544,,262,17,,,0
54019,'155-6564fed8092c2',1644,,263,17,,,0
54019,'156-6564fed8092c4',1744,,264,17,,,0
54019,'157-6564fed8092c5',1844,,265,17,,,0
54019,'158-6564fed8092c7',744,,266,17,,,0
54019,'160-6564fed8092c8',844,,267,17,,,0
54019,'161-6564fed8092c9',944,,268,17,,,0
54019,'162-6564fed8092ca',1044,,269,17,,,0
54019,'163-6564fed8092cc',1144,,270,17,,,0
54019,'164-6564fed8092cd',1244,,271,17,,,0
54019,'165-6564fed8092ce',1344,,272,17,,,0
54019,'166-6564fed8092cf',1444,,273,17,,,0
54019,'70-6564fed8092bc',2044,,274,17,,,0
54019,'77-6564fed8092bd',1944,,275,17,,,0
54019,'88-6564fed8092bf',2144,,276,17,,,0
