52019,'123-6564fed80928c',641,,229,18,,,0
52019,'124-6564fed80928e',1541,,230,18,,,0
52019,'125-6564fed80928f',1641,,231,18,,,0
52019,'127-6564fed809290',1741,,232,18,,,0
52019,'128-6564fed809291',1841,,233,18,,,0
52019,'129-6564fed809293',741,,234,18,,,0
52019,'130-6564fed809294',841,,235,18,,,0
52019,'131-6564fed809295',941,,236,18,,,0
52019,'132-6564fed809296',1041,,237,18,,,0
52019,'133-6564fed809297',1141,,238,18,,,0
52019,'134-6564fed809299',1241,,239,18,,,0
52019,'135-6564fed80929a',1341,,240,18,,,0
52019,'136-6564fed80929b',1441,,241,18,,,0
52019,'82-6564fed809288',2141,,242,18,,,0
52019,'84-6564fed80928a',1941,,243,18,,,0
52019,'87-6564fed80928b',2041,,244,18,,,0
