56019,'10-6564fed809327',919,,293,13,,,0
56019,'11-6564fed809328',1019,,294,13,,,0
56019,'12-6564fed809329',1119,,295,13,,,0
56019,'14-6564fed80932b',1219,,296,13,,,0
56019,'15-6564fed80932c',1319,,297,13,,,0
56019,'16-6564fed80932d',1419,,298,13,,,0
56019,'3-6564fed80931e',619,,299,13,,,0
56019,'4-6564fed80931f',1519,,300,13,,,0
56019,'5-6564fed809320',1619,,301,13,,,0
56019,'6-6564fed809322',1719,,302,13,,,0
56019,'7-6564fed809323',1819,,303,13,,,0
56019,'78-6564fed80932f',1919,,304,13,,,0
56019,'8-6564fed809324',719,,305,13,,,0
56019,'80-6564fed809330',2119,,306,13,,,0
56019,'9-6564fed809325',819,,307,13,,,0
56019,'93-6564fed809331',2019,,308,13,,,0
