51019,'108-6564fed809269',608,,213,10,,,0
51019,'109-6564fed80926a',1508,,214,10,,,0
51019,'110-6564fed80926b',1608,,215,10,,,0
51019,'111-6564fed80926d',1708,,216,10,,,0
51019,'112-6564fed80926e',1808,,217,10,,,0
51019,'113-6564fed80926f',1908,,218,10,,,0
51019,'114-6564fed809271',708,,219,10,,,0
51019,'116-6564fed809272',808,,220,10,,,0
51019,'117-6564fed809273',908,,221,10,,,0
51019,'118-6564fed809274',1008,,222,10,,,0
51019,'119-6564fed809276',1108,,223,10,,,0
51019,'120-6564fed809283',1208,,224,10,,,0
51019,'121-6564fed809285',1308,,225,10,,,0
51019,'122-6564fed809286',1408,,226,10,,,0
51019,'126-6564fed809287',2108,,227,10,,,0
51019,'76-6564fed809268',2008,,228,10,,,0
